day	nb_of_cylinder	x	y	z	Ni	Cr			
1	237	-4	-2	0	19.996	24.987			
1	237	2	-4	0	20.000	25.000			
1	237	-3	2	0	19.997	24.991			
1	237	2	3	0	20.000	25.000			
1	237	-4	-1	1	19.831	24.772			
1	237	2	-1	1	20.121	25.163			
1	237	-5	0	1	19.409	24.203			
1	237	0	1	1	20.024	25.033			
1	237	-2	-3	2	20.000	25.000			
1	237	2	-2	2	20.009	25.007			
1	237	-1	4	2	20.000	25.000			
1	237	1	0	2	20.295	25.236			
1	237	-5	-1	3	19.565	24.772			
1	237	2	-2	3	20.012	25.006			
1	237	-3	0	3	19.344	24.655			
1	237	1	2	3	20.007	25.004			
1	237	-4	-2	4	19.979	24.992			
1	237	3	-1	4	20.422	25.152			
1	237	-1	1	4	19.940	24.978			
1	237	0	2	4	20.003	25.001			
1	274	-2	-2	0	19.998	24.995			
1	274	2	-1	0	20.059	25.178			
1	274	-2	0	0	19.903	24.709			
1	274	4	0	0	20.291	25.872			
1	274	-2	-5	1	20.000	25.000			
1	274	0	-3	1	20.000	25.000			
1	274	-1	4	1	20.000	25.000			
1	274	0	1	1	20.024	25.032			
1	274	-1	-5	2	20.000	25.000			
1	274	0	-2	2	20.002	25.001			
1	274	-4	3	2	20.000	25.000			
1	274	1	0	2	20.291	25.232			
1	274	-3	-4	3	20.000	25.000			
1	274	4	-2	3	20.021	25.011			
1	274	-2	4	3	20.000	25.000			
1	274	0	1	3	20.048	25.025			
1	274	-2	-2	4	19.991	24.997			
1	274	3	-2	4	20.021	25.007			
1	274	-1	2	4	19.997	24.999			
1	274	2	2	4	20.015	25.005			
1	451	-1	-5	0	20.000	25.000			
1	451	1	-4	0	20.000	25.000			
1	451	-3	0	0	19.850	24.550			
1	451	0	1	0	20.011	25.033			
1	451	-1	-3	1	20.000	25.000			
1	451	0	-1	1	20.022	25.030			
1	451	-3	0	1	19.700	24.595			
1	451	1	2	1	20.003	25.004			
1	451	-2	-2	2	19.995	24.996			
1	451	1	-5	2	20.000	25.000			
1	451	-4	0	2	19.370	24.496			
1	451	3	3	2	20.000	25.000			
1	451	-4	-2	3	19.985	24.992			
1	451	4	-2	3	20.020	25.010			
1	451	-3	1	3	19.779	24.884			
1	451	3	1	3	20.309	25.162			
1	451	-3	-2	4	19.986	24.995			
1	451	3	-1	4	20.387	25.139			
1	451	-1	3	4	20.000	25.000			
1	451	3	0	4	21.051	25.378			
1	573	-2	-3	0	20.000	25.000			
1	573	1	-2	0	20.002	25.005			
1	573	-2	4	0	20.000	25.000			
1	573	4	0	0	20.258	25.774			
1	573	-4	-2	1	19.993	24.990			
1	573	4	-2	1	20.009	25.013			
1	573	-2	4	1	20.000	25.000			
1	573	0	1	1	20.021	25.028			
1	573	-3	-3	2	20.000	25.000			
1	573	2	-3	2	20.000	25.000			
1	573	-3	2	2	19.992	24.994			
1	573	4	1	2	20.285	25.228			
1	573	-4	-1	3	19.705	24.845			
1	573	2	-1	3	20.211	25.111			
1	573	-4	0	3	19.197	24.578			
1	573	2	2	3	20.011	25.006			
1	573	-1	-1	4	19.947	24.981			
1	573	1	-1	4	20.158	25.057			
1	573	-2	1	4	19.842	24.943			
1	573	3	1	4	20.369	25.133			
1	735	-2	-2	0	19.999	24.996			
1	735	2	-2	0	20.002	25.007			
1	735	-5	1	0	19.910	24.730			
1	735	2	2	0	20.002	25.007			
1	735	-4	-3	1	20.000	25.000			
1	735	2	-2	1	20.005	25.007			
1	735	-1	4	1	20.000	25.000			
1	735	3	1	1	20.140	25.189			
1	735	-1	-3	2	20.000	25.000			
1	735	1	-2	2	20.004	25.004			
1	735	-4	0	2	19.430	24.544			
1	735	1	2	2	20.004	25.004			
1	735	-1	-2	3	19.998	24.999			
1	735	1	-2	3	20.006	25.003			
1	735	-3	0	3	19.457	24.715			
1	735	2	1	3	20.200	25.105			
1	735	-3	-2	4	19.988	24.996			
1	735	0	-2	4	20.002	25.001			
1	735	-2	1	4	19.850	24.946			
1	735	0	2	4	20.002	25.001			
1	746	-5	-1	0	19.910	24.731			
1	746	3	-1	0	20.070	25.209			
1	746	-4	1	0	19.930	24.791			
1	746	3	2	0	20.003	25.010			
1	746	-1	-1	1	19.980	24.973			
1	746	1	-4	1	20.000	25.000			
1	746	-1	4	1	20.000	25.000			
1	746	0	1	1	20.020	25.027			
1	746	-5	-2	2	19.987	24.989			
1	746	4	-1	2	20.269	25.215			
1	746	-2	2	2	19.996	24.996			
1	746	3	3	2	20.000	25.000			
1	746	-2	-1	3	19.881	24.937			
1	746	1	-5	3	20.000	25.000			
1	746	-5	1	3	19.642	24.812			
1	746	1	2	3	20.006	25.003			
1	746	-2	-1	4	19.851	24.946			
1	746	2	-3	4	20.000	25.000			
1	746	-1	2	4	19.998	24.999			
1	746	2	1	4	20.249	25.090			
1	835	-2	-2	0	19.999	24.996			
1	835	3	-2	0	20.003	25.010			
1	835	-2	0	0	19.921	24.763			
1	835	2	1	0	20.048	25.145			
1	835	-2	-4	1	20.000	25.000			
1	835	0	-3	1	20.000	25.000			
1	835	-4	0	1	19.632	24.503			
1	835	1	1	1	20.058	25.078			
1	835	-1	-3	2	20.000	25.000			
1	835	3	-2	2	20.010	25.008			
1	835	-1	4	2	20.000	25.000			
1	835	1	1	2	20.087	25.070			
1	835	-1	-3	3	20.000	25.000			
1	835	2	-1	3	20.193	25.102			
1	835	-5	1	3	19.652	24.817			
1	835	0	1	3	20.039	25.020			
1	835	-3	-2	4	19.988	24.996			
1	835	0	-2	4	20.002	25.001			
1	835	-5	1	4	19.565	24.843			
1	835	1	1	4	20.145	25.052			
1	886	-2	-3	0	20.000	25.000			
1	886	2	-3	0	20.000	25.000			
1	886	-4	3	0	20.000	25.000			
1	886	2	0	0	20.129	25.388			
1	886	-1	-4	1	20.000	25.000			
1	886	3	-2	1	20.007	25.009			
1	886	-3	3	1	20.000	25.000			
1	886	0	4	1	20.000	25.000			
1	886	-1	-4	2	20.000	25.000			
1	886	3	-4	2	20.000	25.000			
1	886	-2	4	2	20.000	25.000			
1	886	3	1	2	20.200	25.160			
1	886	-1	-3	3	20.000	25.000			
1	886	1	-2	3	20.006	25.003			
1	886	-3	0	3	19.482	24.728			
1	886	3	1	3	20.267	25.140			
1	886	-4	-3	4	20.000	25.000			
1	886	4	-1	4	20.429	25.154			
1	886	-5	0	4	18.835	24.580			
1	886	2	2	4	20.012	25.004			
1	927	-3	-2	0	19.998	24.993			
1	927	1	-2	0	20.001	25.004			
1	927	-2	4	0	20.000	25.000			
1	927	3	1	0	20.066	25.198			
1	927	-3	-4	1	20.000	25.000			
1	927	4	-2	1	20.008	25.011			
1	927	-3	3	1	20.000	25.000			
1	927	1	4	1	20.000	25.000			
1	927	-1	-4	2	20.000	25.000			
1	927	1	-3	2	20.000	25.000			
1	927	-2	3	2	20.000	25.000			
1	927	0	4	2	20.000	25.000			
1	927	-5	-1	3	19.661	24.822			
1	927	0	-5	3	20.000	25.000			
1	927	-2	4	3	20.000	25.000			
1	927	0	4	3	20.000	25.000			
1	927	-4	-4	4	20.000	25.000			
1	927	3	-2	4	20.016	25.006			
1	927	-1	4	4	20.000	25.000			
1	927	2	2	4	20.012	25.004			
1	966	-1	-2	0	20.000	24.999			
1	966	4	-2	0	20.004	25.013			
1	966	-1	4	0	20.000	25.000			
1	966	3	2	0	20.003	25.010			
1	966	-2	-5	1	20.000	25.000			
1	966	3	-1	1	20.130	25.176			
1	966	-2	1	1	19.944	24.925			
1	966	3	3	1	20.000	25.000			
1	966	-4	-1	2	19.804	24.844			
1	966	3	-1	2	20.196	25.156			
1	966	-1	1	2	19.972	24.978			
1	966	0	2	2	20.001	25.001			
1	966	-1	-1	3	19.963	24.980			
1	966	3	-1	3	20.261	25.137			
1	966	-3	3	3	20.000	25.000			
1	966	2	3	3	20.000	25.000			
1	966	-1	-3	4	20.000	25.000			
1	966	0	-2	4	20.002	25.001			
1	966	-3	0	4	19.367	24.772			
1	966	1	1	4	20.140	25.050			
2	98	-4	-2	0	19.996	24.987			
2	98	4	-1	0	20.116	25.347			
2	98	-4	0	0	19.755	24.266			
2	98	2	3	0	20.000	25.000			
2	98	-2	-1	1	19.923	24.896			
2	98	2	-4	1	20.000	25.000			
2	98	-4	2	1	19.991	24.988			
2	98	0	0	1	20.070	25.094			
2	98	-2	-2	2	19.994	24.995			
2	98	2	-1	2	20.193	25.154			
2	98	-2	0	2	19.685	24.748			
2	98	0	2	2	20.002	25.002			
2	98	-1	-2	3	19.997	24.999			
2	98	1	-5	3	20.000	25.000			
2	98	-1	2	3	19.997	24.999			
2	98	0	4	3	20.000	25.000			
2	98	-4	-1	4	19.550	24.838			
2	98	0	-4	4	20.000	25.000			
2	98	-1	2	4	19.997	24.999			
2	98	0	2	4	20.003	25.001			
2	231	-1	-5	0	20.000	25.000			
2	231	3	-4	0	20.000	25.000			
2	231	-2	2	0	19.998	24.995			
2	231	1	3	0	20.000	25.000			
2	231	-5	-1	1	19.782	24.706			
2	231	1	-5	1	20.000	25.000			
2	231	-2	2	1	19.996	24.995			
2	231	2	3	1	20.000	25.000			
2	231	-2	-5	2	20.000	25.000			
2	231	3	-3	2	20.000	25.000			
2	231	-1	4	2	20.000	25.000			
2	231	3	1	2	20.254	25.203			
2	231	-3	-3	3	20.000	25.000			
2	231	3	-3	3	20.000	25.000			
2	231	-4	1	3	19.661	24.822			
2	231	2	2	3	20.012	25.006			
2	231	-5	-2	4	19.973	24.990			
2	231	3	-1	4	20.424	25.152			
2	231	-1	1	4	19.939	24.978			
2	231	1	2	4	20.009	25.003			
2	312	-4	-1	0	19.918	24.755			
2	312	0	-1	0	20.012	25.035			
2	312	-3	0	0	19.841	24.524			
2	312	1	2	0	20.002	25.005			
2	312	-3	-3	1	20.000	25.000			
2	312	3	-1	1	20.164	25.221			
2	312	-4	2	1	19.992	24.989			
2	312	3	2	1	20.008	25.011			
2	312	-5	-2	2	19.984	24.987			
2	312	1	-4	2	20.000	25.000			
2	312	-4	2	2	19.988	24.990			
2	312	4	0	2	20.858	25.686			
2	312	-4	-3	3	20.000	25.000			
2	312	0	-2	3	20.002	25.001			
2	312	-1	3	3	20.000	25.000			
2	312	2	0	3	20.635	25.334			
2	312	-3	-1	4	19.708	24.895			
2	312	0	-1	4	20.058	25.021			
2	312	-4	2	4	19.980	24.993			
2	312	3	3	4	20.000	25.000			
2	422	-1	-4	0	20.000	25.000			
2	422	2	-2	0	20.003	25.008			
2	422	-3	0	0	19.848	24.544			
2	422	3	3	0	20.000	25.000			
2	422	-3	-2	1	19.994	24.992			
2	422	0	-5	1	20.000	25.000			
2	422	-2	2	1	19.997	24.995			
2	422	3	2	1	20.008	25.011			
2	422	-5	-1	2	19.698	24.759			
2	422	4	-2	2	20.015	25.012			
2	422	-4	0	2	19.362	24.490			
2	422	0	3	2	20.000	25.000			
2	422	-1	-5	3	20.000	25.000			
2	422	0	-4	3	20.000	25.000			
2	422	-4	0	3	19.150	24.554			
2	422	0	2	3	20.002	25.001			
2	422	-5	-1	4	19.497	24.819			
2	422	0	-5	4	20.000	25.000			
2	422	-4	2	4	19.981	24.993			
2	422	3	0	4	21.063	25.383			
2	444	-2	-2	0	19.998	24.995			
2	444	0	-1	0	20.011	25.033			
2	444	-1	4	0	20.000	25.000			
2	444	0	1	0	20.011	25.033			
2	444	-1	-2	1	19.999	24.999			
2	444	1	-2	1	20.003	25.004			
2	444	-1	1	1	19.978	24.970			
2	444	3	1	1	20.155	25.209			
2	444	-4	-3	2	20.000	25.000			
2	444	3	-2	2	20.012	25.009			
2	444	-1	4	2	20.000	25.000			
2	444	0	0	2	20.090	25.072			
2	444	-1	-3	3	20.000	25.000			
2	444	3	-2	3	20.015	25.008			
2	444	-4	0	3	19.157	24.557			
2	444	3	1	3	20.310	25.163			
2	444	-3	-4	4	20.000	25.000			
2	444	2	-2	4	20.014	25.005			
2	444	-1	0	4	19.849	24.946			
2	444	0	1	4	20.055	25.020			
2	510	-3	-2	0	19.997	24.992			
2	510	2	-1	0	20.054	25.162			
2	510	-3	1	0	19.946	24.838			
2	510	2	3	0	20.000	25.000			
2	510	-2	-5	1	20.000	25.000			
2	510	2	-3	1	20.000	25.000			
2	510	-4	3	1	20.000	25.000			
2	510	4	0	1	20.528	25.713			
2	510	-4	-4	2	20.000	25.000			
2	510	0	-3	2	20.000	25.000			
2	510	-4	3	2	20.000	25.000			
2	510	2	0	2	20.440	25.352			
2	510	-2	-4	3	20.000	25.000			
2	510	0	-2	3	20.002	25.001			
2	510	-5	1	3	19.611	24.796			
2	510	1	1	3	20.130	25.068			
2	510	-5	-2	4	19.976	24.991			
2	510	1	-5	4	20.000	25.000			
2	510	-4	0	4	18.973	24.630			
2	510	1	2	4	20.008	25.003			
2	523	-1	-2	0	19.999	24.998			
2	523	1	-2	0	20.002	25.005			
2	523	-1	1	0	19.989	24.968			
2	523	1	0	0	20.088	25.263			
2	523	-3	-3	1	20.000	25.000			
2	523	4	-2	1	20.010	25.013			
2	523	-1	4	1	20.000	25.000			
2	523	4	1	1	20.193	25.261			
2	523	-1	-2	2	19.998	24.999			
2	523	0	-1	2	20.032	25.026			
2	523	-4	0	2	19.387	24.509			
2	523	0	2	2	20.002	25.001			
2	523	-1	-2	3	19.998	24.999			
2	523	0	-2	3	20.002	25.001			
2	523	-2	2	3	19.994	24.997			
2	523	3	3	3	20.000	25.000			
2	523	-4	-1	4	19.624	24.865			
2	523	0	-5	4	20.000	25.000			
2	523	-4	1	4	19.624	24.865			
2	523	3	3	4	20.000	25.000			
2	665	-3	-1	0	19.949	24.847			
2	665	1	-1	0	20.031	25.092			
2	665	-1	1	0	19.990	24.969			
2	665	2	3	0	20.000	25.000			
2	665	-3	-2	1	19.995	24.993			
2	665	2	-2	1	20.005	25.007			
2	665	-2	3	1	20.000	25.000			
2	665	0	4	1	20.000	25.000			
2	665	-4	-3	2	20.000	25.000			
2	665	2	-2	2	20.008	25.006			
2	665	-1	4	2	20.000	25.000			
2	665	3	0	2	20.583	25.467			
2	665	-1	-4	3	20.000	25.000			
2	665	1	-2	3	20.006	25.003			
2	665	-3	1	3	19.796	24.893			
2	665	1	3	3	20.000	25.000			
2	665	-5	-2	4	19.977	24.992			
2	665	0	-4	4	20.000	25.000			
2	665	-1	4	4	20.000	25.000			
2	665	0	2	4	20.003	25.001			
2	905	-5	-2	0	19.996	24.987			
2	905	3	-1	0	20.066	25.199			
2	905	-4	1	0	19.934	24.801			
2	905	3	2	0	20.003	25.010			
2	905	-1	-2	1	19.999	24.999			
2	905	1	-4	1	20.000	25.000			
2	905	-1	3	1	20.000	25.000			
2	905	1	1	1	20.057	25.077			
2	905	-1	-4	2	20.000	25.000			
2	905	2	-4	2	20.000	25.000			
2	905	-3	0	2	19.614	24.691			
2	905	2	0	2	20.386	25.309			
2	905	-3	-3	3	20.000	25.000			
2	905	1	-1	3	20.114	25.060			
2	905	-5	1	3	19.659	24.821			
2	905	1	2	3	20.006	25.003			
2	905	-4	-3	4	20.000	25.000			
2	905	1	-2	4	20.007	25.003			
2	905	-4	0	4	19.098	24.675			
2	905	4	1	4	20.426	25.154			
2	939	-4	-3	0	20.000	25.000			
2	939	2	-2	0	20.002	25.007			
2	939	-1	1	0	19.991	24.972			
2	939	2	1	0	20.047	25.141			
2	939	-4	-3	1	20.000	25.000			
2	939	3	-1	1	20.131	25.177			
2	939	-5	0	1	19.541	24.380			
2	939	0	1	1	20.019	25.025			
2	939	-1	-5	2	20.000	25.000			
2	939	2	-1	2	20.141	25.113			
2	939	-1	2	2	19.999	24.999			
2	939	0	2	2	20.001	25.001			
2	939	-1	-2	3	19.998	24.999			
2	939	2	-3	3	20.000	25.000			
2	939	-1	2	3	19.998	24.999			
2	939	0	4	3	20.000	25.000			
2	939	-4	-1	4	19.672	24.882			
2	939	0	-4	4	20.000	25.000			
2	939	-1	2	4	19.998	24.999			
2	939	1	4	4	20.000	25.000			
3	39	-1	-5	0	20.000	25.000			
3	39	3	-4	0	20.000	25.000			
3	39	-2	2	0	19.998	24.994			
3	39	1	3	0	20.000	25.000			
3	39	-5	-1	1	19.762	24.678			
3	39	1	-5	1	20.000	25.000			
3	39	-2	2	1	19.996	24.995			
3	39	2	3	1	20.000	25.000			
3	39	-2	-5	2	20.000	25.000			
3	39	0	-3	2	20.000	25.000			
3	39	-2	2	2	19.994	24.995			
3	39	3	2	2	20.014	25.011			
3	39	-3	-3	3	20.000	25.000			
3	39	0	-5	3	20.000	25.000			
3	39	-3	1	3	19.735	24.861			
3	39	1	1	3	20.159	25.083			
3	39	-3	-3	4	20.000	25.000			
3	39	0	-2	4	20.003	25.001			
3	39	-2	0	4	19.460	24.806			
3	39	4	1	4	20.596	25.214			
3	160	-4	-3	0	20.000	25.000			
3	160	1	-1	0	20.037	25.112			
3	160	-4	1	0	19.913	24.738			
3	160	2	0	0	20.170	25.510			
3	160	-4	-3	1	20.000	25.000			
3	160	2	-1	1	20.125	25.169			
3	160	-3	0	1	19.660	24.541			
3	160	2	2	1	20.006	25.008			
3	160	-3	-2	2	19.991	24.993			
3	160	0	-4	2	20.000	25.000			
3	160	-5	1	2	19.663	24.730			
3	160	0	3	2	20.000	25.000			
3	160	-2	-5	3	20.000	25.000			
3	160	1	-3	3	20.000	25.000			
3	160	-3	3	3	20.000	25.000			
3	160	4	1	3	20.450	25.236			
3	160	-1	-2	4	19.997	24.999			
3	160	0	-3	4	20.000	25.000			
3	160	-1	0	4	19.830	24.939			
3	160	0	1	4	20.062	25.022			
3	191	-5	-1	0	19.889	24.667			
3	191	0	-5	0	20.000	25.000			
3	191	-3	1	0	19.938	24.815			
3	191	3	3	0	20.000	25.000			
3	191	-2	-5	1	20.000	25.000			
3	191	1	-5	1	20.000	25.000			
3	191	-1	2	1	19.999	24.998			
3	191	1	3	1	20.000	25.000			
3	191	-2	-5	2	20.000	25.000			
3	191	2	-4	2	20.000	25.000			
3	191	-4	1	2	19.741	24.793			
3	191	2	0	2	20.502	25.402			
3	191	-1	-3	3	20.000	25.000			
3	191	2	-3	3	20.000	25.000			
3	191	-3	0	3	19.330	24.648			
3	191	3	0	3	20.938	25.492			
3	191	-4	-1	4	19.569	24.845			
3	191	1	-5	4	20.000	25.000			
3	191	-1	1	4	19.938	24.978			
3	191	3	2	4	20.021	25.008			
3	256	-1	-2	0	19.999	24.998			
3	256	1	-5	0	20.000	25.000			
3	256	-5	1	0	19.892	24.677			
3	256	4	1	0	20.108	25.323			
3	256	-3	-2	1	19.994	24.992			
3	256	0	-5	1	20.000	25.000			
3	256	-5	0	1	19.414	24.209			
3	256	2	2	1	20.006	25.008			
3	256	-2	-4	2	20.000	25.000			
3	256	4	-1	2	20.323	25.259			
3	256	-5	0	2	19.121	24.297			
3	256	2	1	2	20.180	25.144			
3	256	-4	-3	3	20.000	25.000			
3	256	2	-1	3	20.239	25.126			
3	256	-1	0	3	19.870	24.932			
3	256	2	1	3	20.239	25.126			
3	256	-5	-2	4	19.973	24.990			
3	256	0	-2	4	20.003	25.001			
3	256	-2	3	4	20.000	25.000			
3	256	2	3	4	20.000	25.000			
3	352	-3	-3	0	20.000	25.000			
3	352	1	-3	0	20.000	25.000			
3	352	-3	3	0	20.000	25.000			
3	352	1	1	0	20.034	25.103			
3	352	-1	-2	1	19.999	24.998			
3	352	1	-1	1	20.069	25.093			
3	352	-4	3	1	20.000	25.000			
3	352	1	0	1	20.187	25.253			
3	352	-4	-3	2	20.000	25.000			
3	352	4	-2	2	20.015	25.012			
3	352	-3	0	2	19.531	24.625			
3	352	2	3	2	20.000	25.000			
3	352	-5	-1	3	19.586	24.783			
3	352	3	-4	3	20.000	25.000			
3	352	-1	1	3	19.954	24.976			
3	352	1	1	3	20.138	25.072			
3	352	-1	-1	4	19.943	24.979			
3	352	4	-1	4	20.517	25.186			
3	352	-1	0	4	19.844	24.944			
3	352	0	1	4	20.057	25.021			
3	365	-5	-2	0	19.995	24.985			
3	365	4	-1	0	20.103	25.309			
3	365	-4	1	0	19.920	24.760			
3	365	3	2	0	20.004	25.012			
3	365	-2	-2	1	19.997	24.995			
3	365	3	-1	1	20.160	25.216			
3	365	-4	0	1	19.565	24.413			
3	365	0	1	1	20.023	25.031			
3	365	-4	-3	2	20.000	25.000			
3	365	3	-1	2	20.240	25.192			
3	365	-3	0	2	19.534	24.627			
3	365	2	2	2	20.009	25.007			
3	365	-5	-1	3	19.588	24.784			
3	365	2	-1	3	20.229	25.120			
3	365	-2	1	3	19.863	24.928			
3	365	4	1	3	20.412	25.216			
3	365	-2	-2	4	19.991	24.997			
3	365	2	-1	4	20.286	25.103			
3	365	-1	1	4	19.943	24.979			
3	365	2	2	4	20.014	25.005			
3	584	-4	-2	0	19.996	24.989			
3	584	1	-1	0	20.032	25.095			
3	584	-1	0	0	19.971	24.914			
3	584	3	1	0	20.074	25.221			
3	584	-1	-2	1	19.999	24.999			
3	584	1	-1	1	20.063	25.085			
3	584	-5	1	1	19.811	24.745			
3	584	1	3	1	20.000	25.000			
3	584	-3	-3	2	20.000	25.000			
3	584	1	-1	2	20.095	25.076			
3	584	-3	1	2	19.842	24.874			
3	584	2	2	2	20.008	25.006			
3	584	-4	-1	3	19.706	24.846			
3	584	0	-1	3	20.042	25.022			
3	584	-4	0	3	19.200	24.580			
3	584	0	3	3	20.000	25.000			
3	584	-1	-2	4	19.997	24.999			
3	584	0	-1	4	20.053	25.019			
3	584	-2	0	4	19.571	24.846			
3	584	1	2	4	20.008	25.003			
3	650	-3	-2	0	19.997	24.992			
3	650	4	-1	0	20.092	25.277			
3	650	-1	1	0	19.990	24.969			
3	650	0	2	0	20.001	25.002			
3	650	-1	-5	1	20.000	25.000			
3	650	0	-4	1	20.000	25.000			
3	650	-2	0	1	19.833	24.774			
3	650	0	0	1	20.056	25.075			
3	650	-3	-4	2	20.000	25.000			
3	650	3	-2	2	20.011	25.009			
3	650	-2	0	2	19.749	24.799			
3	650	1	0	2	20.251	25.201			
3	650	-1	-3	3	20.000	25.000			
3	650	2	-3	3	20.000	25.000			
3	650	-1	4	3	20.000	25.000			
3	650	3	0	3	20.782	25.410			
3	650	-2	-1	4	19.846	24.945			
3	650	3	-1	4	20.359	25.129			
3	650	-5	1	4	19.538	24.834			
3	650	3	2	4	20.018	25.006			
3	732	-2	-1	0	19.970	24.910			
3	732	1	-5	0	20.000	25.000			
3	732	-3	3	0	20.000	25.000			
3	732	0	0	0	20.027	25.081			
3	732	-1	-3	1	20.000	25.000			
3	732	0	-2	1	20.001	25.001			
3	732	-4	1	1	19.860	24.811			
3	732	0	1	1	20.020	25.027			
3	732	-2	-3	2	20.000	25.000			
3	732	1	-1	2	20.090	25.072			
3	732	-2	2	2	19.996	24.996			
3	732	1	2	2	20.004	25.004			
3	732	-4	-1	3	19.720	24.853			
3	732	0	-2	3	20.002	25.001			
3	732	-4	0	3	19.240	24.601			
3	732	3	0	3	20.760	25.399			
3	732	-3	-3	4	20.000	25.000			
3	732	3	-2	4	20.017	25.006			
3	732	-5	0	4	18.778	24.560			
3	732	0	1	4	20.050	25.018			
3	969	-2	-4	0	20.000	25.000			
3	969	1	-3	0	20.000	25.000			
3	969	-5	0	0	19.772	24.317			
3	969	1	2	0	20.001	25.004			
3	969	-1	-3	1	20.000	25.000			
3	969	3	-2	1	20.006	25.009			
3	969	-4	0	1	19.646	24.522			
3	969	3	1	1	20.130	25.176			
3	969	-3	-3	2	20.000	25.000			
3	969	2	-2	2	20.007	25.006			
3	969	-3	1	2	19.860	24.888			
3	969	0	2	2	20.001	25.001			
3	969	-4	-2	3	19.987	24.993			
3	969	2	-2	3	20.009	25.005			
3	969	-3	1	3	19.814	24.902			
3	969	2	3	3	20.000	25.000			
3	969	-2	-5	4	20.000	25.000			
3	969	2	-3	4	20.000	25.000			
3	969	-4	3	4	20.000	25.000			
3	969	4	0	4	21.138	25.410			
4	251	-4	-4	0	20.000	25.000			
4	251	0	-3	0	20.000	25.000			
4	251	-4	3	0	20.000	25.000			
4	251	0	1	0	20.012	25.036			
4	251	-5	-2	1	19.989	24.985			
4	251	0	-2	1	20.001	25.002			
4	251	-5	1	1	19.784	24.708			
4	251	3	3	1	20.000	25.000			
4	251	-5	-2	2	19.984	24.987			
4	251	1	-5	2	20.000	25.000			
4	251	-4	0	2	19.315	24.452			
4	251	1	3	2	20.000	25.000			
4	251	-1	-2	3	19.998	24.999			
4	251	2	-4	3	20.000	25.000			
4	251	-1	2	3	19.998	24.999			
4	251	1	1	3	20.144	25.076			
4	251	-3	-3	4	20.000	25.000			
4	251	4	-2	4	20.027	25.010			
4	251	-2	0	4	19.511	24.824			
4	251	3	2	4	20.021	25.008			
4	287	-4	-2	0	19.996	24.988			
4	287	3	-2	0	20.004	25.012			
4	287	-1	0	0	19.968	24.904			
4	287	0	1	0	20.012	25.035			
4	287	-1	-2	1	19.999	24.998			
4	287	3	-2	1	20.008	25.011			
4	287	-5	1	1	19.787	24.713			
4	287	2	2	1	20.006	25.008			
4	287	-3	-3	2	20.000	25.000			
4	287	2	-1	2	20.177	25.142			
4	287	-1	1	2	19.965	24.972			
4	287	0	2	2	20.002	25.001			
4	287	-3	-1	3	19.764	24.876			
4	287	1	-5	3	20.000	25.000			
4	287	-3	2	3	19.988	24.994			
4	287	3	1	3	20.331	25.174			
4	287	-4	-1	4	19.587	24.851			
4	287	3	-4	4	20.000	25.000			
4	287	-3	3	4	20.000	25.000			
4	287	1	4	4	20.000	25.000			
4	334	-3	-1	0	19.942	24.826			
4	334	1	-3	0	20.000	25.000			
4	334	-1	0	0	19.969	24.906			
4	334	2	1	0	20.058	25.174			
4	334	-2	-3	1	20.000	25.000			
4	334	0	-1	1	20.023	25.031			
4	334	-5	0	1	19.433	24.235			
4	334	0	2	1	20.001	25.002			
4	334	-4	-3	2	20.000	25.000			
4	334	0	-1	2	20.035	25.028			
4	334	-4	1	2	19.757	24.805			
4	334	1	1	2	20.104	25.083			
4	334	-4	-2	3	19.984	24.992			
4	334	4	-1	3	20.417	25.219			
4	334	-2	0	3	19.622	24.802			
4	334	2	0	3	20.629	25.330			
4	334	-3	-3	4	20.000	25.000			
4	334	4	-1	4	20.521	25.188			
4	334	-2	0	4	19.528	24.830			
4	334	2	0	4	20.787	25.283			
4	375	-2	-1	0	19.966	24.898			
4	375	3	-1	0	20.080	25.239			
4	375	-5	1	0	19.898	24.693			
4	375	3	2	0	20.004	25.012			
4	375	-2	-1	1	19.932	24.908			
4	375	1	-5	1	20.000	25.000			
4	375	-3	3	1	20.000	25.000			
4	375	0	0	1	20.062	25.084			
4	375	-1	-3	2	20.000	25.000			
4	375	0	-2	2	20.002	25.001			
4	375	-4	1	2	19.761	24.809			
4	375	0	1	2	20.034	25.027			
4	375	-2	-3	3	20.000	25.000			
4	375	1	-1	3	20.137	25.072			
4	375	-2	2	3	19.993	24.996			
4	375	1	4	3	20.000	25.000			
4	375	-4	-4	4	20.000	25.000			
4	375	2	-3	4	20.000	25.000			
4	375	-1	3	4	20.000	25.000			
4	375	0	0	4	20.155	25.056			
4	573	-2	-3	0	20.000	25.000			
4	573	2	-1	0	20.053	25.158			
4	573	-2	0	0	19.914	24.742			
4	573	0	1	0	20.011	25.032			
4	573	-1	-2	1	19.999	24.999			
4	573	3	-2	1	20.007	25.010			
4	573	-1	2	1	19.999	24.999			
4	573	4	1	1	20.190	25.256			
4	573	-4	-1	2	19.778	24.823			
4	573	4	-1	2	20.285	25.228			
4	573	-2	0	2	19.742	24.793			
4	573	0	2	2	20.002	25.001			
4	573	-3	-2	3	19.989	24.994			
4	573	2	-2	3	20.011	25.006			
4	573	-3	0	3	19.426	24.699			
4	573	1	2	3	20.006	25.003			
4	573	-5	-1	4	19.525	24.829			
4	573	1	-5	4	20.000	25.000			
4	573	-3	0	4	19.283	24.742			
4	573	1	1	4	20.158	25.057			
4	597	-4	-2	0	19.996	24.989			
4	597	1	-5	0	20.000	25.000			
4	597	-3	2	0	19.997	24.992			
4	597	1	0	0	20.085	25.256			
4	597	-1	-3	1	20.000	25.000			
4	597	1	-2	1	20.003	25.004			
4	597	-5	0	1	19.488	24.309			
4	597	0	3	1	20.000	25.000			
4	597	-3	-3	2	20.000	25.000			
4	597	0	-5	2	20.000	25.000			
4	597	-1	1	2	19.969	24.975			
4	597	0	3	2	20.000	25.000			
4	597	-4	-3	3	20.000	25.000			
4	597	1	-3	3	20.000	25.000			
4	597	-1	0	3	19.886	24.940			
4	597	2	2	3	20.010	25.005			
4	597	-1	-2	4	19.997	24.999			
4	597	3	-1	4	20.366	25.132			
4	597	-1	0	4	19.858	24.949			
4	597	2	1	4	20.262	25.094			
4	611	-4	-1	0	19.927	24.781			
4	611	3	-3	0	20.000	25.000			
4	611	-2	4	0	20.000	25.000			
4	611	1	0	0	20.085	25.255			
4	611	-2	-5	1	20.000	25.000			
4	611	4	-2	1	20.009	25.013			
4	611	-1	0	1	19.943	24.924			
4	611	2	0	1	20.283	25.382			
4	611	-5	-2	2	19.986	24.989			
4	611	2	-1	2	20.156	25.125			
4	611	-3	0	2	19.576	24.660			
4	611	0	1	2	20.031	25.025			
4	611	-1	-2	3	19.998	24.999			
4	611	0	-1	3	20.042	25.022			
4	611	-3	0	3	19.434	24.703			
4	611	1	2	3	20.006	25.003			
4	611	-4	-1	4	19.636	24.869			
4	611	3	-2	4	20.018	25.007			
4	611	-4	1	4	19.636	24.869			
4	611	2	2	4	20.013	25.005			
4	663	-2	-2	0	19.998	24.995			
4	663	1	-4	0	20.000	25.000			
4	663	-3	1	0	19.949	24.847			
4	663	0	4	0	20.000	25.000			
4	663	-5	-1	1	19.816	24.752			
4	663	0	-4	1	20.000	25.000			
4	663	-2	1	1	19.939	24.917			
4	663	2	3	1	20.000	25.000			
4	663	-2	-1	2	19.908	24.926			
4	663	0	-4	2	20.000	25.000			
4	663	-1	2	2	19.998	24.999			
4	663	0	4	2	20.000	25.000			
4	663	-4	-1	3	19.714	24.850			
4	663	1	-2	3	20.006	25.003			
4	663	-4	3	3	20.000	25.000			
4	663	0	0	3	20.111	25.058			
4	663	-1	-4	4	20.000	25.000			
4	663	0	-4	4	20.000	25.000			
4	663	-3	2	4	19.987	24.995			
4	663	3	0	4	20.973	25.350			
4	709	-1	-4	0	20.000	25.000			
4	709	2	-3	0	20.000	25.000			
4	709	-2	1	0	19.970	24.909			
4	709	3	2	0	20.004	25.011			
4	709	-3	-3	1	20.000	25.000			
4	709	4	-1	1	20.181	25.245			
4	709	-2	1	1	19.940	24.918			
4	709	2	1	1	20.101	25.136			
4	709	-1	-2	2	19.998	24.999			
4	709	2	-2	2	20.008	25.006			
4	709	-3	1	2	19.849	24.879			
4	709	4	1	2	20.272	25.217			
4	709	-4	-3	3	20.000	25.000			
4	709	2	-4	3	20.000	25.000			
4	709	-2	3	3	20.000	25.000			
4	709	0	0	3	20.109	25.057			
4	709	-4	-4	4	20.000	25.000			
4	709	1	-2	4	20.008	25.003			
4	709	-2	4	4	20.000	25.000			
4	709	1	1	4	20.151	25.054			
4	711	-4	-4	0	20.000	25.000			
4	711	3	-1	0	20.070	25.211			
4	711	-4	1	0	19.930	24.789			
4	711	2	2	0	20.003	25.008			
4	711	-1	-2	1	19.999	24.999			
4	711	0	-5	1	20.000	25.000			
4	711	-5	1	1	19.819	24.756			
4	711	3	2	1	20.007	25.009			
4	711	-3	-1	2	19.849	24.879			
4	711	0	-4	2	20.000	25.000			
4	711	-1	3	2	20.000	25.000			
4	711	3	3	2	20.000	25.000			
4	711	-4	-1	3	19.718	24.852			
4	711	1	-1	3	20.121	25.063			
4	711	-1	4	3	20.000	25.000			
4	711	1	1	3	20.121	25.063			
4	711	-2	-3	4	20.000	25.000			
4	711	3	-2	4	20.018	25.006			
4	711	-2	4	4	20.000	25.000			
4	711	2	2	4	20.013	25.005			
5	108	-4	-2	0	19.996	24.987			
5	108	2	-1	0	20.064	25.192			
5	108	-2	4	0	20.000	25.000			
5	108	2	0	0	20.174	25.522			
5	108	-3	-3	1	20.000	25.000			
5	108	0	-1	1	20.026	25.035			
5	108	-2	1	1	19.923	24.896			
5	108	0	3	1	20.000	25.000			
5	108	-2	-1	2	19.885	24.908			
5	108	2	-1	2	20.192	25.154			
5	108	-1	2	2	19.998	24.998			
5	108	1	3	2	20.000	25.000			
5	108	-4	-2	3	19.982	24.991			
5	108	1	-1	3	20.154	25.081			
5	108	-4	2	3	19.982	24.991			
5	108	3	2	3	20.018	25.009			
5	108	-4	-1	4	19.552	24.839			
5	108	0	-4	4	20.000	25.000			
5	108	-4	3	4	20.000	25.000			
5	108	1	4	4	20.000	25.000			
5	113	-3	-4	0	20.000	25.000			
5	113	2	-3	0	20.000	25.000			
5	113	-2	2	0	19.998	24.994			
5	113	0	3	0	20.000	25.000			
5	113	-1	-2	1	19.999	24.998			
5	113	0	-5	1	20.000	25.000			
5	113	-2	0	1	19.792	24.719			
5	113	1	2	1	20.004	25.005			
5	113	-3	-2	2	19.990	24.992			
5	113	4	-2	2	20.017	25.014			
5	113	-1	0	2	19.896	24.917			
5	113	0	1	2	20.038	25.031			
5	113	-5	-1	3	19.540	24.759			
5	113	1	-3	3	20.000	25.000			
5	113	-2	3	3	20.000	25.000			
5	113	3	0	3	20.972	25.510			
5	113	-4	-4	4	20.000	25.000			
5	113	1	-2	4	20.010	25.003			
5	113	-2	0	4	19.479	24.812			
5	113	2	1	4	20.319	25.115			
5	114	-3	-2	0	19.997	24.990			
5	114	4	-2	0	20.006	25.017			
5	114	-3	0	0	19.826	24.479			
5	114	3	2	0	20.004	25.013			
5	114	-1	-3	1	20.000	25.000			
5	114	3	-1	1	20.179	25.241			
5	114	-3	0	1	19.653	24.531			
5	114	3	0	1	20.486	25.656			
5	114	-4	-2	2	19.987	24.989			
5	114	1	-1	2	20.115	25.092			
5	114	-4	0	2	19.271	24.417			
5	114	4	1	2	20.345	25.276			
5	114	-2	-3	3	20.000	25.000			
5	114	4	-2	3	20.023	25.012			
5	114	-4	0	3	19.028	24.490			
5	114	0	1	3	20.051	25.027			
5	114	-5	-2	4	19.971	24.990			
5	114	2	-2	4	20.016	25.006			
5	114	-5	0	4	18.438	24.438			
5	114	1	2	4	20.010	25.003			
5	166	-3	-3	0	20.000	25.000			
5	166	1	-5	0	20.000	25.000			
5	166	-5	0	0	19.695	24.085			
5	166	1	1	0	20.037	25.112			
5	166	-2	-4	1	20.000	25.000			
5	166	4	-1	1	20.224	25.303			
5	166	-5	0	1	19.390	24.177			
5	166	2	1	1	20.125	25.168			
5	166	-4	-2	2	19.987	24.990			
5	166	2	-1	2	20.187	25.150			
5	166	-1	0	2	19.898	24.919			
5	166	2	2	2	20.009	25.007			
5	166	-5	-2	3	19.978	24.988			
5	166	0	-2	3	20.002	25.001			
5	166	-2	3	3	20.000	25.000			
5	166	3	0	3	20.949	25.498			
5	166	-3	-3	4	20.000	25.000			
5	166	3	-1	4	20.436	25.157			
5	166	-2	1	4	19.813	24.933			
5	166	1	1	4	20.187	25.067			
5	171	-1	-2	0	19.999	24.998			
5	171	1	-1	0	20.037	25.112			
5	171	-3	1	0	19.938	24.813			
5	171	2	2	0	20.003	25.009			
5	171	-4	-3	1	20.000	25.000			
5	171	4	-2	1	20.011	25.015			
5	171	-3	1	1	19.876	24.832			
5	171	2	0	1	20.338	25.456			
5	171	-2	-2	2	19.994	24.996			
5	171	1	-2	2	20.006	25.004			
5	171	-3	1	2	19.813	24.851			
5	171	3	1	2	20.261	25.209			
5	171	-4	-4	3	20.000	25.000			
5	171	3	-2	3	20.017	25.009			
5	171	-1	4	3	20.000	25.000			
5	171	1	1	3	20.149	25.078			
5	171	-1	-3	4	20.000	25.000			
5	171	2	-1	4	20.311	25.112			
5	171	-5	1	4	19.440	24.799			
5	171	0	1	4	20.062	25.022			
5	509	-3	-2	0	19.997	24.992			
5	509	0	-2	0	20.001	25.002			
5	509	-1	4	0	20.000	25.000			
5	509	1	1	0	20.032	25.097			
5	509	-2	-3	1	20.000	25.000			
5	509	3	-2	1	20.008	25.010			
5	509	-2	4	1	20.000	25.000			
5	509	2	2	1	20.005	25.007			
5	509	-4	-2	2	19.989	24.991			
5	509	2	-1	2	20.162	25.130			
5	509	-2	4	2	20.000	25.000			
5	509	2	0	2	20.440	25.352			
5	509	-3	-3	3	20.000	25.000			
5	509	0	-1	3	20.043	25.023			
5	509	-2	1	3	19.870	24.932			
5	509	0	3	3	20.000	25.000			
5	509	-2	-5	4	20.000	25.000			
5	509	2	-4	4	20.000	25.000			
5	509	-1	3	4	20.000	25.000			
5	509	1	4	4	20.000	25.000			
5	535	-4	-4	0	20.000	25.000			
5	535	0	-1	0	20.011	25.032			
5	535	-2	3	0	20.000	25.000			
5	535	0	2	0	20.001	25.002			
5	535	-4	-4	1	20.000	25.000			
5	535	0	-2	1	20.001	25.001			
5	535	-5	0	1	19.477	24.293			
5	535	3	1	1	20.150	25.202			
5	535	-4	-2	2	19.989	24.991			
5	535	2	-1	2	20.160	25.128			
5	535	-4	1	2	19.775	24.820			
5	535	0	1	2	20.032	25.026			
5	535	-3	-1	3	19.786	24.888			
5	535	2	-3	3	20.000	25.000			
5	535	-3	0	3	19.418	24.695			
5	535	4	1	3	20.385	25.202			
5	535	-2	-2	4	19.992	24.997			
5	535	1	-4	4	20.000	25.000			
5	535	-1	2	4	19.997	24.999			
5	535	0	3	4	20.000	25.000			
5	542	-5	-1	0	19.904	24.712			
5	542	3	-3	0	20.000	25.000			
5	542	-2	0	0	19.913	24.739			
5	542	2	0	0	20.145	25.435			
5	542	-2	-3	1	20.000	25.000			
5	542	1	-3	1	20.000	25.000			
5	542	-1	4	1	20.000	25.000			
5	542	0	0	1	20.058	25.078			
5	542	-3	-3	2	20.000	25.000			
5	542	2	-2	2	20.008	25.006			
5	542	-3	0	2	19.565	24.652			
5	542	3	0	2	20.609	25.487			
5	542	-3	-3	3	20.000	25.000			
5	542	3	-1	3	20.299	25.157			
5	542	-2	4	3	20.000	25.000			
5	542	3	1	3	20.299	25.157			
5	542	-4	-3	4	20.000	25.000			
5	542	3	-3	4	20.000	25.000			
5	542	-4	0	4	18.985	24.635			
5	542	1	1	4	20.160	25.058			
5	686	-4	-3	0	20.000	25.000			
5	686	4	-2	0	20.005	25.014			
5	686	-1	0	0	19.972	24.917			
5	686	1	2	0	20.002	25.005			
5	686	-5	-2	1	19.991	24.988			
5	686	0	-5	1	20.000	25.000			
5	686	-3	0	1	19.724	24.628			
5	686	0	2	1	20.001	25.001			
5	686	-4	-1	2	19.787	24.830			
5	686	2	-1	2	20.152	25.122			
5	686	-4	1	2	19.787	24.830			
5	686	0	2	2	20.002	25.001			
5	686	-4	-3	3	20.000	25.000			
5	686	3	-2	3	20.014	25.007			
5	686	-1	1	3	19.959	24.979			
5	686	2	3	3	20.000	25.000			
5	686	-4	-1	4	19.645	24.872			
5	686	2	-4	4	20.000	25.000			
5	686	-1	2	4	19.997	24.999			
5	686	2	3	4	20.000	25.000			
5	808	-2	-3	0	20.000	25.000			
5	808	3	-3	0	20.000	25.000			
5	808	-5	0	0	19.761	24.284			
5	808	3	0	0	20.186	25.557			
5	808	-2	-3	1	20.000	25.000			
5	808	4	-2	1	20.009	25.012			
5	808	-3	1	1	19.902	24.868			
5	808	3	2	1	20.007	25.009			
5	808	-5	-2	2	19.987	24.990			
5	808	0	-4	2	20.000	25.000			
5	808	-3	2	2	19.993	24.994			
5	808	0	4	2	20.000	25.000			
5	808	-2	-5	3	20.000	25.000			
5	808	2	-2	3	20.010	25.005			
5	808	-4	2	3	19.986	24.993			
5	808	3	0	3	20.742	25.390			
5	808	-4	-2	4	19.983	24.994			
5	808	3	-2	4	20.017	25.006			
5	808	-4	1	4	19.659	24.877			
5	808	1	3	4	20.000	25.000			
6	63	-1	-2	0	19.999	24.998			
6	63	3	-4	0	20.000	25.000			
6	63	-1	4	0	20.000	25.000			
6	63	1	1	0	20.039	25.118			
6	63	-5	-2	1	19.988	24.984			
6	63	0	-2	1	20.001	25.002			
6	63	-4	0	1	19.502	24.328			
6	63	4	0	1	20.640	25.864			
6	63	-2	-4	2	20.000	25.000			
6	63	1	-2	2	20.006	25.005			
6	63	-2	4	2	20.000	25.000			
6	63	2	0	2	20.533	25.427			
6	63	-2	-4	3	20.000	25.000			
6	63	2	-1	3	20.262	25.137			
6	63	-4	0	3	19.004	24.477			
6	63	2	1	3	20.262	25.137			
6	63	-3	-4	4	20.000	25.000			
6	63	2	-3	4	20.000	25.000			
6	63	-5	1	4	19.411	24.788			
6	63	2	1	4	20.327	25.118			
6	92	-2	-2	0	19.998	24.994			
6	92	0	-5	0	20.000	25.000			
6	92	-2	0	0	19.895	24.684			
6	92	2	1	0	20.065	25.194			
6	92	-1	-2	1	19.999	24.998			
6	92	1	-1	1	20.077	25.105			
6	92	-4	0	1	19.509	24.337			
6	92	1	1	1	20.077	25.105			
6	92	-5	-1	2	19.652	24.721			
6	92	3	-2	2	20.013	25.011			
6	92	-4	1	2	19.729	24.783			
6	92	0	3	2	20.000	25.000			
6	92	-2	-4	3	20.000	25.000			
6	92	0	-4	3	20.000	25.000			
6	92	-4	3	3	20.000	25.000			
6	92	1	1	3	20.155	25.081			
6	92	-3	-1	4	19.677	24.884			
6	92	2	-3	4	20.000	25.000			
6	92	-3	3	4	20.000	25.000			
6	92	0	1	4	20.065	25.023			
6	121	-1	-3	0	20.000	25.000			
6	121	0	-1	0	20.013	25.038			
6	121	-3	1	0	19.936	24.809			
6	121	4	1	0	20.115	25.344			
6	121	-5	-2	1	19.989	24.985			
6	121	1	-2	1	20.004	25.005			
6	121	-5	0	1	19.377	24.159			
6	121	4	1	1	20.229	25.309			
6	121	-3	-2	2	19.990	24.992			
6	121	4	-1	2	20.344	25.275			
6	121	-2	0	2	19.689	24.751			
6	121	4	1	2	20.344	25.275			
6	121	-4	-3	3	20.000	25.000			
6	121	0	-2	3	20.003	25.001			
6	121	-2	1	3	19.847	24.920			
6	121	3	2	3	20.018	25.009			
6	121	-2	-1	4	19.809	24.931			
6	121	4	-1	4	20.573	25.206			
6	121	-2	1	4	19.809	24.931			
6	121	4	1	4	20.573	25.206			
6	159	-3	-4	0	20.000	25.000			
6	159	2	-4	0	20.000	25.000			
6	159	-2	4	0	20.000	25.000			
6	159	0	0	0	20.034	25.102			
6	159	-4	-4	1	20.000	25.000			
6	159	1	-2	1	20.004	25.005			
6	159	-4	0	1	19.524	24.358			
6	159	1	1	1	20.075	25.101			
6	159	-3	-2	2	19.991	24.993			
6	159	3	-1	2	20.263	25.210			
6	159	-3	1	2	19.812	24.850			
6	159	1	1	2	20.113	25.090			
6	159	-3	-3	3	20.000	25.000			
6	159	4	-2	3	20.022	25.012			
6	159	-5	0	3	18.776	24.358			
6	159	0	2	3	20.002	25.001			
6	159	-2	-3	4	20.000	25.000			
6	159	2	-1	4	20.313	25.113			
6	159	-2	0	4	19.490	24.816			
6	159	0	2	4	20.003	25.001			
6	214	-1	-2	0	19.999	24.998			
6	214	3	-2	0	20.004	25.013			
6	214	-1	2	0	19.999	24.998			
6	214	4	1	0	20.110	25.329			
6	214	-4	-1	1	19.829	24.770			
6	214	4	-1	1	20.220	25.296			
6	214	-1	2	1	19.999	24.998			
6	214	0	2	1	20.001	25.002			
6	214	-3	-2	2	19.991	24.993			
6	214	3	-4	2	20.000	25.000			
6	214	-2	2	2	19.995	24.996			
6	214	1	3	2	20.000	25.000			
6	214	-5	-1	3	19.561	24.770			
6	214	1	-5	3	20.000	25.000			
6	214	-2	2	3	19.993	24.996			
6	214	3	3	3	20.000	25.000			
6	214	-4	-2	4	19.979	24.992			
6	214	3	-3	4	20.000	25.000			
6	214	-3	2	4	19.985	24.995			
6	214	2	2	4	20.015	25.005			
6	462	-2	-3	0	20.000	25.000			
6	462	1	-2	0	20.002	25.005			
6	462	-4	1	0	19.923	24.769			
6	462	2	2	0	20.003	25.008			
6	462	-5	-2	1	19.990	24.987			
6	462	3	-1	1	20.154	25.208			
6	462	-1	0	1	19.940	24.919			
6	462	1	2	1	20.003	25.004			
6	462	-4	-2	2	19.989	24.991			
6	462	0	-2	2	20.002	25.001			
6	462	-3	0	2	19.552	24.641			
6	462	1	2	2	20.005	25.004			
6	462	-4	-3	3	20.000	25.000			
6	462	2	-1	3	20.220	25.115			
6	462	-5	0	3	18.924	24.435			
6	462	4	0	3	21.076	25.565			
6	462	-3	-2	4	19.986	24.995			
6	462	4	-1	4	20.495	25.178			
6	462	-2	4	4	20.000	25.000			
6	462	4	0	4	21.345	25.484			
6	463	-2	-2	0	19.998	24.995			
6	463	3	-4	0	20.000	25.000			
6	463	-2	0	0	19.910	24.731			
6	463	3	2	0	20.004	25.011			
6	463	-2	-1	1	19.934	24.911			
6	463	1	-5	1	20.000	25.000			
6	463	-2	0	1	19.821	24.758			
6	463	1	0	1	20.179	25.242			
6	463	-1	-5	2	20.000	25.000			
6	463	0	-2	2	20.002	25.001			
6	463	-3	1	2	19.835	24.868			
6	463	1	3	2	20.000	25.000			
6	463	-1	-2	3	19.998	24.999			
6	463	1	-4	3	20.000	25.000			
6	463	-3	1	3	19.780	24.885			
6	463	1	2	3	20.007	25.003			
6	463	-4	-1	4	19.615	24.861			
6	463	1	-4	4	20.000	25.000			
6	463	-3	2	4	19.986	24.995			
6	463	3	3	4	20.000	25.000			
6	698	-4	-4	0	20.000	25.000			
6	698	3	-2	0	20.004	25.011			
6	698	-5	0	0	19.753	24.258			
6	698	0	1	0	20.010	25.030			
6	698	-2	-3	1	20.000	25.000			
6	698	2	-2	1	20.005	25.007			
6	698	-2	4	1	20.000	25.000			
6	698	0	1	1	20.020	25.027			
6	698	-1	-3	2	20.000	25.000			
6	698	0	-1	2	20.030	25.024			
6	698	-3	1	2	19.848	24.879			
6	698	4	1	2	20.273	25.218			
6	698	-5	-2	3	19.982	24.990			
6	698	1	-2	3	20.006	25.003			
6	698	-5	0	3	19.011	24.481			
6	698	4	1	3	20.364	25.191			
6	698	-3	-2	4	19.987	24.995			
6	698	4	-1	4	20.455	25.164			
6	698	-2	0	4	19.588	24.852			
6	698	4	1	4	20.455	25.164			
6	784	-4	-1	0	19.931	24.794			
6	784	0	-5	0	20.000	25.000			
6	784	-4	1	0	19.931	24.794			
6	784	3	3	0	20.000	25.000			
6	784	-3	-1	1	19.902	24.867			
6	784	3	-4	1	20.000	25.000			
6	784	-1	1	1	19.980	24.973			
6	784	2	3	1	20.000	25.000			
6	784	-2	-5	2	20.000	25.000			
6	784	3	-3	2	20.000	25.000			
6	784	-3	3	2	20.000	25.000			
6	784	3	3	2	20.000	25.000			
6	784	-3	-4	3	20.000	25.000			
6	784	1	-3	3	20.000	25.000			
6	784	-3	3	3	20.000	25.000			
6	784	3	0	3	20.748	25.393			
6	784	-1	-3	4	20.000	25.000			
6	784	1	-2	4	20.007	25.003			
6	784	-4	0	4	19.065	24.663			
6	784	1	2	4	20.007	25.003			
6	908	-3	-4	0	20.000	25.000			
6	908	1	-2	0	20.001	25.004			
6	908	-3	0	0	19.871	24.614			
6	908	2	1	0	20.047	25.142			
6	908	-3	-2	1	19.995	24.994			
6	908	0	-2	1	20.001	25.001			
6	908	-1	0	1	19.949	24.931			
6	908	0	2	1	20.001	25.001			
6	908	-5	-2	2	19.987	24.990			
6	908	3	-1	2	20.199	25.159			
6	908	-4	1	2	19.801	24.841			
6	908	3	2	2	20.010	25.008			
6	908	-1	-2	3	19.998	24.999			
6	908	1	-4	3	20.000	25.000			
6	908	-1	4	3	20.000	25.000			
6	908	1	1	3	20.114	25.060			
6	908	-1	-4	4	20.000	25.000			
6	908	4	-1	4	20.426	25.153			
6	908	-3	0	4	19.357	24.768			
6	908	3	2	4	20.016	25.006			
7	92	-2	-1	0	19.961	24.884			
7	92	1	-1	0	20.039	25.116			
7	92	-5	1	0	19.884	24.652			
7	92	1	2	0	20.002	25.006			
7	92	-2	-1	1	19.923	24.895			
7	92	1	-5	1	20.000	25.000			
7	92	-1	2	1	19.999	24.998			
7	92	4	1	1	20.232	25.314			
7	92	-3	-4	2	20.000	25.000			
7	92	2	-1	2	20.194	25.155			
7	92	-2	4	2	20.000	25.000			
7	92	0	0	2	20.105	25.084			
7	92	-4	-2	3	19.982	24.991			
7	92	1	-1	3	20.155	25.081			
7	92	-1	0	3	19.860	24.926			
7	92	3	1	3	20.361	25.190			
7	92	-1	-3	4	20.000	25.000			
7	92	1	-1	4	20.194	25.070			
7	92	-5	0	4	18.422	24.432			
7	92	4	0	4	21.578	25.568			
7	153	-3	-3	0	20.000	25.000			
7	153	1	-1	0	20.038	25.113			
7	153	-3	1	0	19.937	24.812			
7	153	0	1	0	20.013	25.038			
7	153	-1	-3	1	20.000	25.000			
7	153	1	-1	1	20.075	25.102			
7	153	-2	0	1	19.796	24.724			
7	153	3	1	1	20.176	25.237			
7	153	-2	-3	2	20.000	25.000			
7	153	1	-4	2	20.000	25.000			
7	153	-3	3	2	20.000	25.000			
7	153	3	2	2	20.013	25.010			
7	153	-3	-1	3	19.749	24.868			
7	153	3	-4	3	20.000	25.000			
7	153	-2	2	3	19.993	24.996			
7	153	0	2	3	20.002	25.001			
7	153	-2	-3	4	20.000	25.000			
7	153	2	-3	4	20.000	25.000			
7	153	-5	0	4	18.466	24.448			
7	153	2	1	4	20.313	25.113			
7	218	-4	-4	0	20.000	25.000			
7	218	2	-3	0	20.000	25.000			
7	218	-4	0	0	19.768	24.305			
7	218	3	0	0	20.232	25.695			
7	218	-4	-2	1	19.992	24.989			
7	218	1	-3	1	20.000	25.000			
7	218	-4	1	1	19.830	24.770			
7	218	1	3	1	20.000	25.000			
7	218	-3	-1	2	19.817	24.854			
7	218	2	-3	2	20.000	25.000			
7	218	-2	0	2	19.702	24.762			
7	218	0	1	2	20.037	25.029			
7	218	-5	-2	3	19.978	24.989			
7	218	4	-2	3	20.022	25.011			
7	218	-1	0	3	19.868	24.931			
7	218	1	2	3	20.007	25.004			
7	218	-5	-2	4	19.973	24.990			
7	218	0	-5	4	20.000	25.000			
7	218	-2	2	4	19.991	24.997			
7	218	0	2	4	20.003	25.001			
7	292	-4	-1	0	19.917	24.752			
7	292	2	-1	0	20.059	25.177			
7	292	-4	1	0	19.917	24.752			
7	292	0	2	0	20.001	25.002			
7	292	-1	-5	1	20.000	25.000			
7	292	2	-2	1	20.006	25.008			
7	292	-4	0	1	19.551	24.394			
7	292	2	1	1	20.118	25.159			
7	292	-1	-3	2	20.000	25.000			
7	292	3	-1	2	20.248	25.198			
7	292	-2	1	2	19.894	24.915			
7	292	0	0	2	20.096	25.077			
7	292	-2	-3	3	20.000	25.000			
7	292	4	-1	3	20.424	25.223			
7	292	-5	0	3	18.847	24.394			
7	292	3	2	3	20.016	25.009			
7	292	-1	-2	4	19.997	24.999			
7	292	3	-4	4	20.000	25.000			
7	292	-3	1	4	19.705	24.894			
7	292	3	3	4	20.000	25.000			
7	295	-5	-2	0	19.995	24.984			
7	295	0	-4	0	20.000	25.000			
7	295	-3	3	0	20.000	25.000			
7	295	2	1	0	20.059	25.177			
7	295	-2	-5	1	20.000	25.000			
7	295	2	-2	1	20.006	25.008			
7	295	-2	4	1	20.000	25.000			
7	295	3	0	1	20.448	25.605			
7	295	-2	-3	2	20.000	25.000			
7	295	1	-2	2	20.005	25.004			
7	295	-2	3	2	20.000	25.000			
7	295	0	4	2	20.000	25.000			
7	295	-4	-2	3	19.984	24.991			
7	295	4	-1	3	20.424	25.222			
7	295	-3	0	3	19.360	24.664			
7	295	3	1	3	20.330	25.173			
7	295	-5	-2	4	19.974	24.991			
7	295	0	-1	4	20.059	25.021			
7	295	-1	4	4	20.000	25.000			
7	295	1	1	4	20.177	25.064			
7	296	-5	-2	0	19.995	24.984			
7	296	0	-2	0	20.001	25.002			
7	296	-4	0	0	19.776	24.328			
7	296	4	0	0	20.288	25.864			
7	296	-5	-2	1	19.989	24.986			
7	296	1	-2	1	20.004	25.005			
7	296	-2	4	1	20.000	25.000			
7	296	1	0	1	20.192	25.259			
7	296	-3	-4	2	20.000	25.000			
7	296	4	-2	2	20.016	25.013			
7	296	-2	4	2	20.000	25.000			
7	296	0	1	2	20.035	25.028			
7	296	-2	-2	3	19.993	24.996			
7	296	3	-2	3	20.016	25.009			
7	296	-5	0	3	18.849	24.396			
7	296	3	0	3	20.896	25.470			
7	296	-2	-2	4	19.991	24.997			
7	296	4	-1	4	20.529	25.191			
7	296	-3	2	4	19.985	24.995			
7	296	2	3	4	20.000	25.000			
7	328	-5	-1	0	19.896	24.687			
7	328	0	-3	0	20.000	25.000			
7	328	-3	3	0	20.000	25.000			
7	328	1	0	0	20.095	25.284			
7	328	-2	-4	1	20.000	25.000			
7	328	2	-2	1	20.006	25.008			
7	328	-4	3	1	20.000	25.000			
7	328	3	1	1	20.163	25.219			
7	328	-4	-4	2	20.000	25.000			
7	328	0	-4	2	20.000	25.000			
7	328	-1	0	2	19.905	24.924			
7	328	4	0	2	20.852	25.682			
7	328	-1	-4	3	20.000	25.000			
7	328	4	-1	3	20.418	25.219			
7	328	-3	1	3	19.768	24.878			
7	328	3	2	3	20.016	25.008			
7	328	-1	-3	4	20.000	25.000			
7	328	3	-2	4	20.020	25.007			
7	328	-1	0	4	19.842	24.943			
7	328	1	1	4	20.174	25.063			
7	680	-1	-3	0	20.000	25.000			
7	680	0	-2	0	20.001	25.002			
7	680	-4	1	0	19.929	24.787			
7	680	4	1	0	20.091	25.274			
7	680	-2	-3	1	20.000	25.000			
7	680	1	-1	1	20.061	25.082			
7	680	-2	0	1	19.834	24.776			
7	680	2	1	1	20.102	25.137			
7	680	-2	-3	2	20.000	25.000			
7	680	4	-1	2	20.274	25.220			
7	680	-3	2	2	19.992	24.994			
7	680	2	2	2	20.008	25.006			
7	680	-3	-2	3	19.990	24.995			
7	680	0	-3	3	20.000	25.000			
7	680	-3	2	3	19.990	24.995			
7	680	3	1	3	20.285	25.149			
7	680	-4	-3	4	20.000	25.000			
7	680	4	-1	4	20.457	25.165			
7	680	-4	0	4	19.033	24.652			
7	680	1	1	4	20.152	25.055			
7	790	-4	-3	0	20.000	25.000			
7	790	4	-2	0	20.004	25.013			
7	790	-1	0	0	19.973	24.920			
7	790	1	2	0	20.001	25.004			
7	790	-5	-2	1	19.991	24.988			
7	790	0	-5	1	20.000	25.000			
7	790	-2	2	1	19.997	24.996			
7	790	0	2	1	20.001	25.001			
7	790	-4	-1	2	19.794	24.835			
7	790	2	-1	2	20.147	25.118			
7	790	-4	1	2	19.794	24.835			
7	790	0	2	2	20.001	25.001			
7	790	-1	-5	3	20.000	25.000			
7	790	2	-2	3	20.010	25.005			
7	790	-5	1	3	19.647	24.815			
7	790	2	2	3	20.010	25.005			
7	790	-2	-1	4	19.853	24.947			
7	790	3	-4	4	20.000	25.000			
7	790	-2	2	4	19.993	24.997			
7	790	0	2	4	20.002	25.001			
7	858	-2	-1	0	19.971	24.914			
7	858	0	-3	0	20.000	25.000			
7	858	-1	4	0	20.000	25.000			
7	858	4	0	0	20.235	25.705			
7	858	-3	-2	1	19.995	24.994			
7	858	2	-2	1	20.005	25.006			
7	858	-5	0	1	19.530	24.365			
7	858	0	3	1	20.000	25.000			
7	858	-3	-1	2	19.856	24.885			
7	858	1	-4	2	20.000	25.000			
7	858	-4	3	2	20.000	25.000			
7	858	3	2	2	20.010	25.008			
7	858	-3	-4	3	20.000	25.000			
7	858	3	-3	3	20.000	25.000			
7	858	-4	0	3	19.269	24.616			
7	858	2	0	3	20.522	25.274			
7	858	-1	-4	4	20.000	25.000			
7	858	0	-2	4	20.002	25.001			
7	858	-4	0	4	19.086	24.671			
7	858	3	0	4	20.914	25.329			
8	223	-3	-3	0	20.000	25.000			
8	223	3	-2	0	20.004	25.013			
8	223	-5	0	0	19.703	24.109			
8	223	0	1	0	20.012	25.036			
8	223	-2	-4	1	20.000	25.000			
8	223	1	-2	1	20.004	25.005			
8	223	-5	0	1	19.406	24.198			
8	223	4	0	1	20.594	25.802			
8	223	-4	-3	2	20.000	25.000			
8	223	1	-5	2	20.000	25.000			
8	223	-2	1	2	19.891	24.913			
8	223	4	0	2	20.891	25.713			
8	223	-3	-4	3	20.000	25.000			
8	223	0	-3	3	20.000	25.000			
8	223	-4	3	3	20.000	25.000			
8	223	3	0	3	20.924	25.485			
8	223	-2	-4	4	20.000	25.000			
8	223	2	-4	4	20.000	25.000			
8	223	-1	3	4	20.000	25.000			
8	223	3	0	4	21.156	25.416			
8	300	-2	-5	0	20.000	25.000			
8	300	2	-3	0	20.000	25.000			
8	300	-2	0	0	19.904	24.713			
8	300	4	0	0	20.287	25.862			
8	300	-4	-4	1	20.000	25.000			
8	300	2	-1	1	20.117	25.159			
8	300	-3	0	1	19.681	24.569			
8	300	0	1	1	20.023	25.032			
8	300	-1	-3	2	20.000	25.000			
8	300	0	-2	2	20.002	25.001			
8	300	-3	0	2	19.521	24.617			
8	300	1	2	2	20.005	25.004			
8	300	-2	-2	3	19.993	24.996			
8	300	1	-5	3	20.000	25.000			
8	300	-4	0	3	19.106	24.531			
8	300	3	3	3	20.000	25.000			
8	300	-4	-2	4	19.980	24.993			
8	300	4	-2	4	20.026	25.009			
8	300	-3	1	4	19.706	24.894			
8	300	3	1	4	20.411	25.148			
8	437	-3	-2	0	19.997	24.992			
8	437	3	-1	0	20.078	25.233			
8	437	-1	3	0	20.000	25.000			
8	437	3	0	0	20.211	25.634			
8	437	-2	-3	1	20.000	25.000			
8	437	1	-2	1	20.003	25.004			
8	437	-2	3	1	20.000	25.000			
8	437	4	0	1	20.543	25.734			
8	437	-4	-2	2	19.988	24.991			
8	437	4	-2	2	20.015	25.012			
8	437	-2	4	2	20.000	25.000			
8	437	0	1	2	20.033	25.027			
8	437	-3	-3	3	20.000	25.000			
8	437	2	-3	3	20.000	25.000			
8	437	-3	1	3	19.778	24.883			
8	437	4	1	3	20.400	25.210			
8	437	-4	-1	4	19.611	24.860			
8	437	2	-1	4	20.278	25.100			
8	437	-4	0	4	18.943	24.620			
8	437	2	2	4	20.014	25.005			
8	523	-1	-1	0	19.989	24.968			
8	523	1	-1	0	20.032	25.097			
8	523	-2	1	0	19.968	24.903			
8	523	3	1	0	20.075	25.226			
8	523	-3	-2	1	19.995	24.993			
8	523	1	-1	1	20.064	25.087			
8	523	-1	1	1	19.979	24.971			
8	523	1	2	1	20.003	25.004			
8	523	-5	-2	2	19.986	24.988			
8	523	1	-1	2	20.097	25.077			
8	523	-1	0	2	19.912	24.930			
8	523	2	1	2	20.161	25.129			
8	523	-2	-3	3	20.000	25.000			
8	523	0	-1	3	20.043	25.023			
8	523	-5	0	3	18.948	24.448			
8	523	0	2	3	20.002	25.001			
8	523	-2	-1	4	19.839	24.942			
8	523	0	-1	4	20.054	25.019			
8	523	-4	1	4	19.624	24.865			
8	523	1	1	4	20.161	25.058			
8	611	-4	-2	0	19.996	24.989			
8	611	4	-1	0	20.094	25.281			
8	611	-3	1	0	19.948	24.844			
8	611	2	0	0	20.141	25.424			
8	611	-3	-3	1	20.000	25.000			
8	611	3	-1	1	20.146	25.197			
8	611	-2	1	1	19.938	24.916			
8	611	3	2	1	20.007	25.010			
8	611	-2	-1	2	19.906	24.925			
8	611	0	-3	2	20.000	25.000			
8	611	-1	4	2	20.000	25.000			
8	611	4	0	2	20.764	25.611			
8	611	-3	-2	3	19.990	24.995			
8	611	2	-2	3	20.010	25.005			
8	611	-5	0	3	18.981	24.465			
8	611	0	3	3	20.000	25.000			
8	611	-2	-1	4	19.844	24.944			
8	611	2	-3	4	20.000	25.000			
8	611	-1	2	4	19.997	24.999			
8	611	3	1	4	20.364	25.131			
8	633	-1	-4	0	20.000	25.000			
8	633	3	-2	0	20.004	25.011			
8	633	-2	4	0	20.000	25.000			
8	633	0	0	0	20.028	25.084			
8	633	-4	-2	1	19.993	24.990			
8	633	1	-1	1	20.062	25.084			
8	633	-1	0	1	19.944	24.924			
8	633	3	1	1	20.145	25.195			
8	633	-1	-3	2	20.000	25.000			
8	633	1	-1	2	20.093	25.074			
8	633	-5	0	2	19.242	24.394			
8	633	4	0	2	20.758	25.606			
8	633	-3	-3	3	20.000	25.000			
8	633	1	-1	3	20.124	25.065			
8	633	-3	1	3	19.793	24.892			
8	633	0	1	3	20.041	25.022			
8	633	-5	-1	4	19.535	24.833			
8	633	1	-5	4	20.000	25.000			
8	633	-2	0	4	19.579	24.848			
8	633	0	4	4	20.000	25.000			
8	648	-2	-5	0	20.000	25.000			
8	648	1	-3	0	20.000	25.000			
8	648	-3	3	0	20.000	25.000			
8	648	4	1	0	20.092	25.277			
8	648	-2	-4	1	20.000	25.000			
8	648	0	-3	1	20.000	25.000			
8	648	-1	4	1	20.000	25.000			
8	648	0	2	1	20.001	25.001			
8	648	-2	-3	2	20.000	25.000			
8	648	3	-1	2	20.216	25.173			
8	648	-5	0	2	19.246	24.397			
8	648	2	1	2	20.154	25.123			
8	648	-2	-2	3	19.994	24.997			
8	648	1	-5	3	20.000	25.000			
8	648	-4	3	3	20.000	25.000			
8	648	3	0	3	20.782	25.411			
8	648	-3	-4	4	20.000	25.000			
8	648	1	-4	4	20.000	25.000			
8	648	-1	2	4	19.997	24.999			
8	648	2	0	4	20.698	25.251			
8	928	-3	-1	0	19.953	24.859			
8	928	2	-3	0	20.000	25.000			
8	928	-2	0	0	19.923	24.770			
8	928	0	1	0	20.009	25.028			
8	928	-5	-2	1	19.992	24.989			
8	928	3	-3	1	20.000	25.000			
8	928	-1	3	1	20.000	25.000			
8	928	0	3	1	20.000	25.000			
8	928	-1	-1	2	19.972	24.977			
8	928	2	-2	2	20.007	25.006			
8	928	-1	3	2	20.000	25.000			
8	928	0	0	2	20.077	25.061			
8	928	-3	-3	3	20.000	25.000			
8	928	0	-3	3	20.000	25.000			
8	928	-1	3	3	20.000	25.000			
8	928	1	0	3	20.307	25.161			
8	928	-2	-4	4	20.000	25.000			
8	928	3	-3	4	20.000	25.000			
8	928	-2	3	4	20.000	25.000			
8	928	2	1	4	20.235	25.085			
8	970	-3	-2	0	19.998	24.993			
8	970	3	-2	0	20.003	25.010			
8	970	-2	1	0	19.972	24.916			
8	970	0	3	0	20.000	25.000			
8	970	-3	-2	1	19.995	24.994			
8	970	3	-3	1	20.000	25.000			
8	970	-3	3	1	20.000	25.000			
8	970	0	1	1	20.019	25.025			
8	970	-3	-4	2	20.000	25.000			
8	970	1	-3	2	20.000	25.000			
8	970	-3	3	2	20.000	25.000			
8	970	3	1	2	20.195	25.156			
8	970	-1	-3	3	20.000	25.000			
8	970	1	-2	3	20.006	25.003			
8	970	-4	0	3	19.292	24.628			
8	970	1	2	3	20.006	25.003			
8	970	-1	-2	4	19.998	24.999			
8	970	1	-2	4	20.007	25.003			
8	970	-3	0	4	19.368	24.772			
8	970	2	1	4	20.233	25.084			
8	973	-3	-2	0	19.998	24.993			
8	973	0	-2	0	20.000	25.001			
8	973	-2	1	0	19.972	24.916			
8	973	0	2	0	20.000	25.001			
8	973	-5	-1	1	19.833	24.774			
8	973	3	-1	1	20.130	25.176			
8	973	-4	1	1	19.870	24.824			
8	973	3	2	1	20.006	25.009			
8	973	-1	-1	2	19.972	24.978			
8	973	1	-4	2	20.000	25.000			
8	973	-1	4	2	20.000	25.000			
8	973	0	0	2	20.076	25.061			
8	973	-5	-2	3	19.983	24.991			
8	973	4	-1	3	20.335	25.176			
8	973	-2	2	3	19.994	24.997			
8	973	3	3	3	20.000	25.000			
8	973	-2	-1	4	19.861	24.950			
8	973	1	-5	4	20.000	25.000			
8	973	-5	1	4	19.582	24.849			
8	973	1	2	4	20.007	25.002			
9	143	-2	-1	0	19.962	24.887			
9	143	2	-3	0	20.000	25.000			
9	143	-1	2	0	19.999	24.998			
9	143	3	1	0	20.088	25.265			
9	143	-1	-4	1	20.000	25.000			
9	143	3	-2	1	20.009	25.012			
9	143	-2	4	1	20.000	25.000			
9	143	0	0	1	20.068	25.092			
9	143	-4	-2	2	19.987	24.989			
9	143	1	-1	2	20.113	25.091			
9	143	-1	0	2	19.897	24.918			
9	143	3	1	2	20.265	25.212			
9	143	-1	-3	3	20.000	25.000			
9	143	1	-1	3	20.151	25.079			
9	143	-5	0	3	18.767	24.353			
9	143	4	0	3	21.233	25.647			
9	143	-3	-3	4	20.000	25.000			
9	143	0	-4	4	20.000	25.000			
9	143	-5	1	4	19.433	24.796			
9	143	2	3	4	20.000	25.000			
9	214	-5	-2	0	19.995	24.984			
9	214	0	-4	0	20.000	25.000			
9	214	-4	1	0	19.915	24.744			
9	214	3	2	0	20.004	25.013			
9	214	-1	-5	1	20.000	25.000			
9	214	2	-3	1	20.000	25.000			
9	214	-4	3	1	20.000	25.000			
9	214	4	1	1	20.220	25.296			
9	214	-2	-2	2	19.995	24.996			
9	214	2	-3	2	20.000	25.000			
9	214	-1	1	2	19.963	24.971			
9	214	3	1	2	20.256	25.205			
9	214	-5	-1	3	19.561	24.770			
9	214	3	-1	3	20.341	25.179			
9	214	-2	1	3	19.854	24.923			
9	214	1	3	3	20.000	25.000			
9	214	-2	-4	4	20.000	25.000			
9	214	1	-3	4	20.000	25.000			
9	214	-1	4	4	20.000	25.000			
9	214	0	0	4	20.166	25.060			
9	315	-3	-4	0	20.000	25.000			
9	315	2	-2	0	20.003	25.009			
9	315	-4	3	0	20.000	25.000			
9	315	2	2	0	20.003	25.009			
9	315	-3	-4	1	20.000	25.000			
9	315	3	-1	1	20.163	25.221			
9	315	-5	0	1	19.429	24.229			
9	315	3	2	1	20.008	25.011			
9	315	-5	-2	2	19.984	24.987			
9	315	4	-2	2	20.016	25.013			
9	315	-5	0	2	19.143	24.315			
9	315	4	0	2	20.857	25.685			
9	315	-1	-5	3	20.000	25.000			
9	315	4	-2	3	20.021	25.011			
9	315	-3	0	3	19.365	24.667			
9	315	4	0	3	21.142	25.600			
9	315	-3	-1	4	19.708	24.895			
9	315	0	-1	4	20.058	25.021			
9	315	-2	0	4	19.524	24.829			
9	315	1	2	4	20.009	25.003			
9	334	-2	-2	0	19.998	24.995			
9	334	3	-1	0	20.081	25.243			
9	334	-2	0	0	19.906	24.717			
9	334	2	3	0	20.000	25.000			
9	334	-1	-3	1	20.000	25.000			
9	334	2	-4	1	20.000	25.000			
9	334	-3	3	1	20.000	25.000			
9	334	0	0	1	20.063	25.085			
9	334	-2	-3	2	20.000	25.000			
9	334	3	-1	2	20.243	25.195			
9	334	-3	0	2	19.528	24.622			
9	334	1	3	2	20.000	25.000			
9	334	-4	-1	3	19.676	24.830			
9	334	1	-5	3	20.000	25.000			
9	334	-1	1	3	19.954	24.976			
9	334	3	2	3	20.016	25.008			
9	334	-1	-2	4	19.997	24.999			
9	334	1	-5	4	20.000	25.000			
9	334	-2	0	4	19.528	24.830			
9	334	0	0	4	20.157	25.057			
9	364	-4	-3	0	20.000	25.000			
9	364	2	-2	0	20.003	25.009			
9	364	-4	0	0	19.782	24.347			
9	364	0	0	0	20.031	25.093			
9	364	-2	-2	1	19.997	24.995			
9	364	0	-1	1	20.023	25.031			
9	364	-1	4	1	20.000	25.000			
9	364	0	0	1	20.062	25.084			
9	364	-3	-4	2	20.000	25.000			
9	364	1	-2	2	20.005	25.004			
9	364	-1	0	2	19.907	24.925			
9	364	0	3	2	20.000	25.000			
9	364	-1	-4	3	20.000	25.000			
9	364	0	-3	3	20.000	25.000			
9	364	-5	0	3	18.881	24.412			
9	364	3	1	3	20.320	25.168			
9	364	-2	-1	4	19.828	24.938			
9	364	3	-1	4	20.400	25.144			
9	364	-2	1	4	19.828	24.938			
9	364	1	1	4	20.172	25.062			
9	461	-1	-2	0	19.999	24.998			
9	461	1	-1	0	20.033	25.099			
9	461	-3	1	0	19.945	24.835			
9	461	2	2	0	20.003	25.008			
9	461	-3	-1	1	19.890	24.851			
9	461	3	-1	1	20.154	25.208			
9	461	-3	1	1	19.890	24.851			
9	461	3	3	1	20.000	25.000			
9	461	-2	-2	2	19.995	24.996			
9	461	2	-4	2	20.000	25.000			
9	461	-2	1	2	19.901	24.921			
9	461	0	2	2	20.002	25.001			
9	461	-4	-4	3	20.000	25.000			
9	461	3	-2	3	20.015	25.008			
9	461	-1	4	3	20.000	25.000			
9	461	1	1	3	20.132	25.069			
9	461	-1	-3	4	20.000	25.000			
9	461	2	-1	4	20.275	25.099			
9	461	-5	1	4	19.505	24.822			
9	461	0	1	4	20.055	25.020			
9	477	-3	-2	0	19.997	24.992			
9	477	0	-2	0	20.001	25.002			
9	477	-5	1	0	19.902	24.705			
9	477	1	1	0	20.033	25.098			
9	477	-2	-3	1	20.000	25.000			
9	477	2	-3	1	20.000	25.000			
9	477	-4	3	1	20.000	25.000			
9	477	4	1	1	20.197	25.266			
9	477	-2	-2	2	19.995	24.996			
9	477	2	-3	2	20.000	25.000			
9	477	-1	1	2	19.967	24.974			
9	477	3	1	2	20.230	25.184			
9	477	-5	-1	3	19.606	24.793			
9	477	3	-1	3	20.306	25.161			
9	477	-2	1	3	19.869	24.931			
9	477	1	3	3	20.000	25.000			
9	477	-2	-4	4	20.000	25.000			
9	477	1	-3	4	20.000	25.000			
9	477	-2	1	4	19.836	24.941			
9	477	3	2	4	20.019	25.007			
9	730	-3	-3	0	20.000	25.000			
9	730	4	-1	0	20.090	25.270			
9	730	-2	1	0	19.970	24.910			
9	730	3	1	0	20.070	25.210			
9	730	-1	-2	1	19.999	24.999			
9	730	2	-2	1	20.005	25.007			
9	730	-1	1	1	19.980	24.973			
9	730	1	2	1	20.003	25.004			
9	730	-5	-2	2	19.987	24.989			
9	730	1	-1	2	20.090	25.072			
9	730	-2	3	2	20.000	25.000			
9	730	0	4	2	20.000	25.000			
9	730	-5	-1	3	19.640	24.811			
9	730	0	-5	3	20.000	25.000			
9	730	-2	4	3	20.000	25.000			
9	730	0	4	3	20.000	25.000			
9	730	-4	-4	4	20.000	25.000			
9	730	3	-2	4	20.017	25.006			
9	730	-4	3	4	20.000	25.000			
9	730	2	2	4	20.012	25.004			
9	800	-1	-3	0	20.000	25.000			
9	800	4	-2	0	20.004	25.013			
9	800	-1	4	0	20.000	25.000			
9	800	3	2	0	20.003	25.010			
9	800	-2	-5	1	20.000	25.000			
9	800	3	-1	1	20.137	25.185			
9	800	-2	1	1	19.941	24.921			
9	800	3	3	1	20.000	25.000			
9	800	-4	-1	2	19.795	24.836			
9	800	3	-1	2	20.205	25.164			
9	800	-1	1	2	19.971	24.977			
9	800	0	2	2	20.001	25.001			
9	800	-1	-1	3	19.961	24.979			
9	800	3	-1	3	20.274	25.144			
9	800	-3	3	3	20.000	25.000			
9	800	2	3	3	20.000	25.000			
9	800	-1	-3	4	20.000	25.000			
9	800	0	-2	4	20.002	25.001			
9	800	-3	0	4	19.336	24.761			
9	800	1	1	4	20.147	25.053			
9	841	-4	-2	0	19.997	24.990			
9	841	4	-1	0	20.087	25.261			
9	841	-4	0	0	19.816	24.449			
9	841	2	1	0	20.048	25.145			
9	841	-2	-3	1	20.000	25.000			
9	841	2	-1	1	20.097	25.130			
9	841	-4	0	1	19.633	24.504			
9	841	1	3	1	20.000	25.000			
9	841	-5	-1	2	19.739	24.791			
9	841	0	-5	2	20.000	25.000			
9	841	-2	1	2	19.913	24.930			
9	841	2	2	2	20.007	25.006			
9	841	-2	-2	3	19.994	24.997			
9	841	0	-5	3	20.000	25.000			
9	841	-5	1	3	19.652	24.817			
9	841	0	3	3	20.000	25.000			
9	841	-4	-2	4	19.983	24.994			
9	841	0	-5	4	20.000	25.000			
9	841	-4	2	4	19.983	24.994			
9	841	1	2	4	20.007	25.003			
10	97	-5	-1	0	19.884	24.652			
10	97	0	-5	0	20.000	25.000			
10	97	-1	3	0	20.000	25.000			
10	97	4	0	0	20.315	25.945			
10	97	-3	-4	1	20.000	25.000			
10	97	0	-3	1	20.000	25.000			
10	97	-4	3	1	20.000	25.000			
10	97	3	0	1	20.490	25.661			
10	97	-2	-4	2	20.000	25.000			
10	97	3	-2	2	20.013	25.011			
10	97	-1	3	2	20.000	25.000			
10	97	3	0	2	20.735	25.588			
10	97	-1	-3	3	20.000	25.000			
10	97	1	-4	3	20.000	25.000			
10	97	-3	0	3	19.300	24.633			
10	97	0	1	3	20.051	25.027			
10	97	-1	-2	4	19.997	24.999			
10	97	0	-1	4	20.064	25.023			
10	97	-3	0	4	19.125	24.685			
10	97	1	2	4	20.010	25.003			
10	140	-2	-2	0	19.998	24.994			
10	140	1	-5	0	20.000	25.000			
10	140	-4	0	0	19.760	24.280			
10	140	3	3	0	20.000	25.000			
10	140	-4	-2	1	19.991	24.988			
10	140	1	-5	1	20.000	25.000			
10	140	-3	1	1	19.874	24.830			
10	140	0	4	1	20.000	25.000			
10	140	-2	-4	2	20.000	25.000			
10	140	2	-2	2	20.009	25.008			
10	140	-2	4	2	20.000	25.000			
10	140	0	1	2	20.038	25.030			
10	140	-1	-3	3	20.000	25.000			
10	140	3	-3	3	20.000	25.000			
10	140	-4	3	3	20.000	25.000			
10	140	4	1	3	20.454	25.238			
10	140	-1	-5	4	20.000	25.000			
10	140	1	-2	4	20.009	25.003			
10	140	-1	3	4	20.000	25.000			
10	140	4	1	4	20.568	25.204			
10	278	-3	-3	0	20.000	25.000			
10	278	2	-3	0	20.000	25.000			
10	278	-2	1	0	19.964	24.893			
10	278	3	2	0	20.004	25.012			
10	278	-3	-3	1	20.000	25.000			
10	278	4	-1	1	20.213	25.288			
10	278	-2	1	1	19.929	24.904			
10	278	3	1	1	20.166	25.224			
10	278	-1	-2	2	19.998	24.999			
10	278	2	-2	2	20.009	25.007			
10	278	-1	1	2	19.964	24.972			
10	278	1	2	2	20.005	25.004			
10	278	-5	-2	3	19.979	24.989			
10	278	1	-1	3	20.142	25.075			
10	278	-2	3	3	20.000	25.000			
10	278	0	4	3	20.000	25.000			
10	278	-5	-1	4	19.466	24.808			
10	278	0	-5	4	20.000	25.000			
10	278	-2	4	4	20.000	25.000			
10	278	0	4	4	20.000	25.000			
10	348	-5	-2	0	19.995	24.985			
10	348	0	-5	0	20.000	25.000			
10	348	-1	1	0	19.988	24.965			
10	348	2	3	0	20.000	25.000			
10	348	-1	-1	1	19.977	24.969			
10	348	3	-1	1	20.161	25.218			
10	348	-2	2	1	19.997	24.995			
10	348	3	1	1	20.161	25.218			
10	348	-2	-2	2	19.995	24.996			
10	348	3	-1	2	20.242	25.193			
10	348	-4	1	2	19.758	24.807			
10	348	3	1	2	20.242	25.193			
10	348	-1	-2	3	19.998	24.999			
10	348	4	-1	3	20.414	25.218			
10	348	-1	1	3	19.954	24.976			
10	348	2	1	3	20.230	25.121			
10	348	-5	-1	4	19.482	24.814			
10	348	2	-4	4	20.000	25.000			
10	348	-2	4	4	20.000	25.000			
10	348	0	0	4	20.156	25.056			
10	465	-4	-4	0	20.000	25.000			
10	465	1	-2	0	20.002	25.005			
10	465	-4	0	0	19.791	24.373			
10	465	4	1	0	20.099	25.297			
10	465	-4	-3	1	20.000	25.000			
10	465	2	-2	1	20.005	25.007			
10	465	-2	4	1	20.000	25.000			
10	465	2	1	1	20.110	25.148			
10	465	-4	-3	2	20.000	25.000			
10	465	3	-1	2	20.231	25.185			
10	465	-5	0	2	19.194	24.355			
10	465	0	0	2	20.090	25.072			
10	465	-2	-3	3	20.000	25.000			
10	465	2	-1	3	20.220	25.115			
10	465	-2	0	3	19.642	24.812			
10	465	0	2	3	20.002	25.001			
10	465	-1	-2	4	19.997	24.999			
10	465	1	-5	4	20.000	25.000			
10	465	-1	2	4	19.997	24.999			
10	465	0	4	4	20.000	25.000			
10	534	-4	-1	0	19.925	24.775			
10	534	0	-4	0	20.000	25.000			
10	534	-1	2	0	19.999	24.998			
10	534	0	2	0	20.001	25.002			
10	534	-1	-5	1	20.000	25.000			
10	534	3	-4	1	20.000	25.000			
10	534	-2	2	1	19.997	24.996			
10	534	1	3	1	20.000	25.000			
10	534	-5	-1	2	19.711	24.769			
10	534	1	-5	2	20.000	25.000			
10	534	-2	2	2	19.995	24.996			
10	534	2	3	2	20.000	25.000			
10	534	-2	-5	3	20.000	25.000			
10	534	3	-3	3	20.000	25.000			
10	534	-1	4	3	20.000	25.000			
10	534	3	1	3	20.300	25.157			
10	534	-3	-3	4	20.000	25.000			
10	534	3	-3	4	20.000	25.000			
10	534	-4	3	4	20.000	25.000			
10	534	1	1	4	20.161	25.058			
10	577	-3	-3	0	20.000	25.000			
10	577	0	-2	0	20.001	25.002			
10	577	-2	4	0	20.000	25.000			
10	577	4	0	0	20.258	25.773			
10	577	-4	-3	1	20.000	25.000			
10	577	1	-1	1	20.063	25.085			
10	577	-3	0	1	19.714	24.613			
10	577	1	2	1	20.003	25.004			
10	577	-4	-3	2	20.000	25.000			
10	577	0	-5	2	20.000	25.000			
10	577	-3	3	2	20.000	25.000			
10	577	0	1	2	20.032	25.025			
10	577	-2	-2	3	19.994	24.997			
10	577	3	-4	3	20.000	25.000			
10	577	-1	4	3	20.000	25.000			
10	577	1	0	3	20.344	25.180			
10	577	-1	-2	4	19.997	24.999			
10	577	1	-5	4	20.000	25.000			
10	577	-1	0	4	19.857	24.948			
10	577	0	3	4	20.000	25.000			
10	649	-3	-1	0	19.949	24.846			
10	649	3	-4	0	20.000	25.000			
10	649	-2	3	0	20.000	25.000			
10	649	1	3	0	20.000	25.000			
10	649	-4	-4	1	20.000	25.000			
10	649	3	-2	1	20.007	25.010			
10	649	-1	1	1	19.979	24.972			
10	649	2	3	1	20.000	25.000			
10	649	-3	-2	2	19.992	24.994			
10	649	1	-4	2	20.000	25.000			
10	649	-2	3	2	20.000	25.000			
10	649	0	4	2	20.000	25.000			
10	649	-5	-1	3	19.630	24.806			
10	649	0	-4	3	20.000	25.000			
10	649	-1	2	3	19.998	24.999			
10	649	0	4	3	20.000	25.000			
10	649	-3	-4	4	20.000	25.000			
10	649	0	-2	4	20.003	25.001			
10	649	-3	0	4	19.302	24.749			
10	649	0	0	4	20.140	25.050			
10	714	-1	-4	0	20.000	25.000			
10	714	2	-2	0	20.003	25.008			
10	714	-1	4	0	20.000	25.000			
10	714	3	0	0	20.191	25.574			
10	714	-1	-4	1	20.000	25.000			
10	714	3	-1	1	20.141	25.190			
10	714	-2	2	1	19.997	24.996			
10	714	3	1	1	20.141	25.190			
10	714	-2	-2	2	19.995	24.996			
10	714	3	-1	2	20.211	25.169			
10	714	-4	1	2	19.789	24.831			
10	714	3	1	2	20.211	25.169			
10	714	-1	-2	3	19.998	24.999			
10	714	4	-1	3	20.362	25.190			
10	714	-5	0	3	19.016	24.484			
10	714	3	1	3	20.281	25.148			
10	714	-4	-2	4	19.982	24.994			
10	714	3	-1	4	20.352	25.127			
10	714	-3	0	4	19.317	24.754			
10	714	3	1	4	20.352	25.127			
10	715	-4	-3	0	20.000	25.000			
10	715	4	-2	0	20.005	25.014			
10	715	-3	1	0	19.950	24.849			
10	715	2	2	0	20.003	25.008			
10	715	-3	-1	1	19.900	24.864			
10	715	0	-4	1	20.000	25.000			
10	715	-3	1	1	19.900	24.864			
10	715	3	3	1	20.000	25.000			
10	715	-2	-2	2	19.995	24.996			
10	715	2	-4	2	20.000	25.000			
10	715	-1	3	2	20.000	25.000			
10	715	1	4	2	20.000	25.000			
10	715	-4	-4	3	20.000	25.000			
10	715	3	-2	3	20.014	25.007			
10	715	-1	4	3	20.000	25.000			
10	715	1	1	3	20.121	25.063			
10	715	-5	-1	4	19.548	24.837			
10	715	2	-1	4	20.251	25.090			
10	715	-5	1	4	19.548	24.837			
10	715	1	3	4	20.000	25.000			
