day	nb_of_cylinder	x	y	z	Ni	Cr						
1	124	-4	-3	0	19.99997	24.99991						
1	124	-4	3	0	19.99997	24.99991						
1	124	-3	2	0	19.99684	24.99051						
1	124	-2	1	0	19.96187	24.88562						
1	124	-1	1	0	19.98729	24.96187						
1	124	0	-1	0	20.01271	25.03813						
1	124	1	0	0	20.10363	25.31090						
1	124	2	-2	0	20.00316	25.00949						
1	124	2	2	0	20.00316	25.00949						
1	124	3	3	0	20.00003	25.00009						
1	124	-5	0	4	18.44548	24.44037						
1	124	-3	-4	4	20.00000	25.00000						
1	124	-2	-5	4	20.00000	25.00000						
1	124	-1	-5	4	20.00000	25.00000						
1	124	-1	-1	4	19.93646	24.97712						
1	124	0	-3	4	20.00002	25.00001						
1	124	1	-4	4	20.00000	25.00000						
1	124	2	-4	4	20.00000	25.00000						
1	124	3	-4	4	20.00000	25.00000						
1	124	3	2	4	20.02214	25.00797						
1	130	-4	-4	0	20.00000	25.00000						
1	130	-3	-2	0	19.99685	24.99054						
1	130	-3	2	0	19.99685	24.99054						
1	130	-2	4	0	20.00000	25.00000						
1	130	-1	1	0	19.98733	24.96198						
1	130	0	-3	0	20.00000	25.00001						
1	130	1	0	0	20.10334	25.31003						
1	130	1	2	0	20.00189	25.00568						
1	130	2	1	0	20.06336	25.19009						
1	130	3	1	0	20.08871	25.26613						
1	130	-5	-1	4	19.42973	24.79470						
1	130	-3	-2	4	19.98423	24.99432						
1	130	-2	-4	4	20.00000	25.00000						
1	130	-1	-5	4	20.00000	25.00000						
1	130	-1	1	4	19.93664	24.97719						
1	130	0	0	4	20.17224	25.06201						
1	130	1	-2	4	20.00946	25.00341						
1	130	1	1	4	20.19009	25.06843						
1	130	2	1	4	20.31682	25.11405						
1	130	3	1	4	20.44354	25.15968						
1	182	-5	-2	0	19.99446	24.98337						
1	182	-4	3	0	19.99997	24.99991						
1	182	-2	-3	0	19.99999	24.99996						
1	182	-2	4	0	20.00000	25.00000						
1	182	-1	-1	0	19.98763	24.96288						
1	182	0	2	0	20.00062	25.00185						
1	182	0	3	0	20.00000	25.00001						
1	182	1	4	0	20.00000	25.00000						
1	182	3	-1	0	20.08661	25.25982						
1	182	3	0	0	20.23542	25.70626						
1	182	-5	0	4	18.48659	24.45517						
1	182	-3	-4	4	20.00000	25.00000						
1	182	-2	-2	4	19.99076	24.99667						
1	182	-1	-4	4	20.00000	25.00000						
1	182	-1	2	4	19.99692	24.99889						
1	182	0	-2	4	20.00308	25.00111						
1	182	1	0	4	20.50447	25.18161						
1	182	1	4	4	20.00000	25.00000						
1	182	2	2	4	20.01540	25.00554						
1	182	4	0	4	21.51341	25.54483						
1	413	-4	-4	0	20.00000	25.00000						
1	413	-3	-2	0	19.99721	24.99163						
1	413	-2	-5	0	20.00000	25.00000						
1	413	-2	4	0	20.00000	25.00000						
1	413	-1	-2	0	19.99944	24.99833						
1	413	0	0	0	20.03048	25.09143						
1	413	1	-1	0	20.03363	25.10090						
1	413	2	-3	0	20.00002	25.00006						
1	413	2	1	0	20.05606	25.16817						
1	413	3	1	0	20.07848	25.23544						
1	413	-4	-4	4	20.00000	25.00000						
1	413	-3	-1	4	19.71971	24.89910						
1	413	-3	3	4	19.99991	24.99997						
1	413	-2	1	4	19.83183	24.93946						
1	413	-1	-2	4	19.99721	24.99900						
1	413	0	-2	4	20.00279	25.00100						
1	413	1	-2	4	20.00837	25.00301						
1	413	1	1	4	20.16817	25.06054						
1	413	2	3	4	20.00009	25.00003						
1	413	3	1	4	20.39240	25.14126						
1	560	-5	1	0	19.90459	24.71378						
1	560	-3	-2	0	19.99736	24.99208						
1	560	-2	-4	0	20.00000	25.00000						
1	560	-2	1	0	19.96820	24.90459						
1	560	-1	-1	0	19.98940	24.96820						
1	560	0	2	0	20.00053	25.00158						
1	560	1	-5	0	20.00000	25.00000						
1	560	1	4	0	20.00000	25.00000						
1	560	3	-4	0	20.00000	25.00000						
1	560	3	3	0	20.00002	25.00007						
1	560	-5	-2	4	19.97625	24.99145						
1	560	-4	1	4	19.62897	24.86643						
1	560	-3	1	4	19.73498	24.90459						
1	560	-2	0	4	19.56776	24.84439						
1	560	-1	-1	4	19.94700	24.98092						
1	560	0	0	4	20.14408	25.05187						
1	560	1	-1	4	20.15901	25.05724						
1	560	2	-1	4	20.26502	25.09541						
1	560	3	-4	4	20.00000	25.00000						
1	560	4	0	4	21.29672	25.46682						
1	608	-4	-2	0	19.99637	24.98911						
1	608	-4	1	0	19.92706	24.78118						
1	608	-3	1	0	19.94790	24.84370						
1	608	-2	1	0	19.96874	24.90622						
1	608	-1	-3	0	20.00000	24.99999						
1	608	0	-1	0	20.01042	25.03126						
1	608	1	-1	0	20.03126	25.09378						
1	608	2	-3	0	20.00002	25.00005						
1	608	2	3	0	20.00002	25.00005						
1	608	3	0	0	20.19827	25.59482						
1	608	-5	-1	4	19.53110	24.83119						
1	608	-4	3	4	19.99988	24.99996						
1	608	-3	0	4	19.29188	24.74508						
1	608	-2	0	4	19.57513	24.84705						
1	608	-1	0	4	19.85838	24.94902						
1	608	0	-3	4	20.00002	25.00001						
1	608	1	0	4	20.42487	25.15295						
1	608	1	3	4	20.00005	25.00002						
1	608	3	-3	4	20.00012	25.00004						
1	608	4	-1	4	20.46890	25.16881						
1	636	-5	0	0	19.74756	24.24268						
1	636	-4	3	0	19.99998	24.99993						
1	636	-2	-4	0	20.00000	25.00000						
1	636	-2	0	0	19.91585	24.74756						
1	636	-1	1	0	19.98968	24.96904						
1	636	0	-4	0	20.00000	25.00000						
1	636	1	-2	0	20.00154	25.00462						
1	636	2	-1	0	20.05159	25.15478						
1	636	2	3	0	20.00002	25.00005						
1	636	4	1	0	20.09287	25.27860						
1	636	-5	0	4	18.73780	24.54561						
1	636	-4	1	4	19.63885	24.86999						
1	636	-3	3	4	19.99991	24.99997						
1	636	-2	0	4	19.57927	24.84854						
1	636	-1	1	4	19.94841	24.98143						
1	636	0	-3	4	20.00002	25.00001						
1	636	1	-4	4	20.00000	25.00000						
1	636	2	-4	4	20.00000	25.00000						
1	636	2	3	4	20.00009	25.00003						
1	636	4	-1	4	20.46434	25.16716						
1	670	-5	-2	0	19.99543	24.98629						
1	670	-4	2	0	19.99645	24.98934						
1	670	-3	3	0	19.99998	24.99995						
1	670	-2	3	0	19.99999	24.99997						
1	670	-1	2	0	19.99949	24.99848						
1	670	0	-4	0	20.00000	25.00000						
1	670	0	3	0	20.00000	25.00001						
1	670	2	-4	0	20.00000	25.00000						
1	670	3	-3	0	20.00002	25.00007						
1	670	3	2	0	20.00355	25.01066						
1	670	-5	1	4	19.54104	24.83477						
1	670	-3	-3	4	19.99991	24.99997						
1	670	-2	-3	4	19.99995	24.99998						
1	670	-2	4	4	20.00000	25.00000						
1	670	-1	-1	4	19.94900	24.98164						
1	670	0	-3	4	20.00002	25.00001						
1	670	1	-5	4	20.00000	25.00000						
1	670	1	2	4	20.00762	25.00274						
1	670	2	2	4	20.01269	25.00457						
1	670	3	0	4	20.97034	25.34932						
1	733	-5	-1	0	19.91011	24.73032						
1	733	-4	2	0	19.99652	24.98956						
1	733	-2	-5	0	20.00000	25.00000						
1	733	-2	0	0	19.91855	24.75564						
1	733	-1	-2	0	19.99950	24.99851						
1	733	0	-2	0	20.00050	25.00149						
1	733	1	-5	0	20.00000	25.00000						
1	733	1	3	0	20.00001	25.00003						
1	733	2	1	0	20.04994	25.14982						
1	733	4	-2	0	20.00448	25.01343						
1	733	-5	-1	4	19.55053	24.83819						
1	733	-3	-3	4	19.99992	24.99997						
1	733	-2	-4	4	20.00000	25.00000						
1	733	-2	2	4	19.99254	24.99731						
1	733	-1	-2	4	19.99751	24.99910						
1	733	0	-1	4	20.04994	25.01798						
1	733	1	-5	4	20.00000	25.00000						
1	733	1	2	4	20.00746	25.00269						
1	733	2	3	4	20.00008	25.00003						
1	733	4	-2	4	20.02238	25.00806						
1	905	-5	0	0	19.76818	24.30455						
1	905	-4	2	0	19.99670	24.99009						
1	905	-3	0	0	19.87121	24.61364						
1	905	-2	-1	0	19.97157	24.91472						
1	905	-1	1	0	19.99052	24.97157						
1	905	0	-4	0	20.00000	25.00000						
1	905	1	-4	0	20.00000	25.00000						
1	905	2	-1	0	20.04738	25.14213						
1	905	2	2	0	20.00236	25.00708						
1	905	4	1	0	20.08528	25.25584						
1	905	-5	1	4	19.57360	24.84650						
1	905	-3	-3	4	19.99992	24.99997						
1	905	-2	-2	4	19.99292	24.99745						
1	905	-2	4	4	20.00000	25.00000						
1	905	-1	2	4	19.99764	24.99915						
1	905	0	-1	4	20.04738	25.01706						
1	905	1	0	4	20.38636	25.13909						
1	905	2	-2	4	20.01179	25.00425						
1	905	2	2	4	20.01179	25.00425						
1	905	3	0	4	20.90151	25.32454						
2	10	-5	-1	0	19.87914	24.63743						
2	10	-4	2	0	19.99532	24.98596						
2	10	-3	2	0	19.99666	24.98997						
2	10	-2	2	0	19.99799	24.99398						
2	10	-1	3	0	20.00000	24.99999						
2	10	0	1	0	20.01343	25.04029						
2	10	1	-5	0	20.00000	25.00000						
2	10	1	3	0	20.00001	25.00004						
2	10	2	3	0	20.00002	25.00007						
2	10	4	0	0	20.32852	25.98556						
2	10	-4	-4	4	20.00000	25.00000						
2	10	-4	1	4	19.53000	24.83080						
2	10	-3	3	4	19.99989	24.99996						
2	10	-2	-1	4	19.79857	24.92749						
2	10	-1	-2	4	19.99666	24.99880						
2	10	0	-1	4	20.06714	25.02417						
2	10	1	-2	4	20.01003	25.00361						
2	10	1	4	4	20.00000	25.00000						
2	10	2	1	4	20.33571	25.12086						
2	10	4	1	4	20.60428	25.21754						
2	16	-4	-1	0	19.90628	24.71884						
2	16	-3	-1	0	19.93306	24.79917						
2	16	-3	0	0	19.81803	24.45409						
2	16	-2	4	0	20.00000	25.00000						
2	16	-1	1	0	19.98661	24.95983						
2	16	0	0	0	20.03639	25.10918						
2	16	1	-4	0	20.00000	25.00000						
2	16	2	-2	0	20.00333	25.01000						
2	16	3	-4	0	20.00000	25.00000						
2	16	4	0	0	20.32754	25.98263						
2	16	-4	-1	4	19.53140	24.83130						
2	16	-4	0	4	18.72622	24.54144						
2	16	-2	-3	4	19.99993	24.99998						
2	16	-2	1	4	19.79917	24.92770						
2	16	-1	3	4	19.99998	24.99999						
2	16	0	-2	4	20.00333	25.00120						
2	16	0	4	4	20.00000	25.00000						
2	16	1	2	4	20.01000	25.00360						
2	16	3	-2	4	20.02333	25.00840						
2	16	3	2	4	20.02333	25.00840						
2	22	-5	-1	0	19.87986	24.63958						
2	22	-3	-2	0	19.99668	24.99003						
2	22	-3	1	0	19.93326	24.79977						
2	22	-2	2	0	19.99801	24.99402						
2	22	-1	-3	0	20.00000	24.99999						
2	22	0	-5	0	20.00000	25.00000						
2	22	1	-1	0	20.04005	25.12014						
2	22	2	-4	0	20.00000	25.00000						
2	22	2	0	0	20.18143	25.54429						
2	22	3	3	0	20.00003	25.00009						
2	22	-4	-3	4	19.99984	24.99994						
2	22	-4	0	4	18.73000	24.54280						
2	22	-2	-4	4	20.00000	25.00000						
2	22	-1	-4	4	20.00000	25.00000						
2	22	-1	2	4	19.99668	24.99880						
2	22	0	1	4	20.06674	25.02403						
2	22	1	-5	4	20.00000	25.00000						
2	22	1	1	4	20.20023	25.07208						
2	22	2	0	4	20.90714	25.32657						
2	22	4	0	4	21.63286	25.58783						
2	117	-5	0	0	19.68807	24.06421						
2	117	-4	1	0	19.91075	24.73225						
2	117	-2	-5	0	20.00000	25.00000						
2	117	-2	-1	0	19.96175	24.88525						
2	117	-1	1	0	19.98725	24.96175						
2	117	0	-1	0	20.01275	25.03825						
2	117	1	-3	0	20.00001	25.00004						
2	117	2	-2	0	20.00317	25.00952						
2	117	3	-2	0	20.00444	25.01333						
2	117	3	1	0	20.08925	25.26775						
2	117	-4	-4	4	20.00000	25.00000						
2	117	-3	-4	4	20.00000	25.00000						
2	117	-2	-4	4	20.00000	25.00000						
2	117	-1	-4	4	20.00000	25.00000						
2	117	-1	3	4	19.99998	24.99999						
2	117	0	-2	4	20.00317	25.00114						
2	117	1	-2	4	20.00952	25.00343						
2	117	1	2	4	20.00952	25.00343						
2	117	2	3	4	20.00011	25.00004						
2	117	4	0	4	21.55964	25.56147						
2	226	-4	-3	0	19.99997	24.99991						
2	226	-3	-4	0	20.00000	25.00000						
2	226	-3	1	0	19.93935	24.81805						
2	226	-2	1	0	19.96361	24.89083						
2	226	-1	-1	0	19.98787	24.96361						
2	226	0	-3	0	20.00000	25.00001						
2	226	1	-4	0	20.00000	25.00000						
2	226	1	2	0	20.00181	25.00544						
2	226	3	-1	0	20.08491	25.25473						
2	226	3	1	0	20.08491	25.25473						
2	226	-4	-3	4	19.99986	24.99995						
2	226	-3	-2	4	19.98490	24.99456						
2	226	-2	-3	4	19.99994	24.99998						
2	226	-2	1	4	19.81805	24.93450						
2	226	-1	-1	4	19.93935	24.97817						
2	226	0	-3	4	20.00002	25.00001						
2	226	0	4	4	20.00000	25.00000						
2	226	2	-3	4	20.00010	25.00004						
2	226	3	-1	4	20.42455	25.15284						
2	226	4	0	4	21.48378	25.53416						
2	281	-4	-4	0	20.00000	25.00000						
2	281	-4	1	0	19.91711	24.75132						
2	281	-3	1	0	19.94079	24.82237						
2	281	-2	3	0	19.99999	24.99996						
2	281	-1	-2	0	19.99941	24.99823						
2	281	0	-3	0	20.00000	25.00001						
2	281	1	-3	0	20.00001	25.00004						
2	281	2	-3	0	20.00002	25.00006						
2	281	2	1	0	20.05921	25.17763						
2	281	3	3	0	20.00003	25.00008						
2	281	-5	-1	4	19.46712	24.80816						
2	281	-3	-2	4	19.98526	24.99469						
2	281	-3	3	4	19.99990	24.99996						
2	281	-1	-5	4	20.00000	25.00000						
2	281	-1	3	4	19.99998	24.99999						
2	281	0	-3	4	20.00002	25.00001						
2	281	1	0	4	20.48284	25.17382						
2	281	1	3	4	20.00006	25.00002						
2	281	2	0	4	20.80473	25.28970						
2	281	3	0	4	21.12663	25.40559						
2	523	-4	-4	0	20.00000	25.00000						
2	523	-4	0	0	19.79552	24.38657						
2	523	-3	2	0	19.99732	24.99197						
2	523	-2	0	0	19.91237	24.73710						
2	523	-1	1	0	19.98925	24.96776						
2	523	0	-2	0	20.00054	25.00161						
2	523	1	-1	0	20.03224	25.09672						
2	523	1	3	0	20.00001	25.00003						
2	523	3	-3	0	20.00003	25.00008						
2	523	4	-2	0	20.00482	25.01445						
2	523	-4	-4	4	20.00000	25.00000						
2	523	-3	-3	4	19.99991	24.99997						
2	523	-3	1	4	19.73135	24.90328						
2	523	-2	2	4	19.99197	24.99711						
2	523	-1	3	4	19.99998	24.99999						
2	523	0	-1	4	20.05373	25.01934						
2	523	1	-2	4	20.00803	25.00289						
2	523	1	2	4	20.00803	25.00289						
2	523	2	1	4	20.26865	25.09672						
2	523	4	-1	4	20.48358	25.17409						
2	752	-4	-3	0	19.99998	24.99993						
2	752	-4	2	0	19.99654	24.98962						
2	752	-2	-4	0	20.00000	25.00000						
2	752	-1	-5	0	20.00000	25.00000						
2	752	-1	4	0	20.00000	25.00000						
2	752	0	0	0	20.02698	25.08095						
2	752	1	-4	0	20.00000	25.00000						
2	752	2	-4	0	20.00000	25.00000						
2	752	3	-4	0	20.00000	25.00000						
2	752	4	-2	0	20.00445	25.01334						
2	752	-4	-4	4	20.00000	25.00000						
2	752	-4	1	4	19.65255	24.87492						
2	752	-3	1	4	19.75182	24.91066						
2	752	-2	1	4	19.85109	24.94639						
2	752	-1	4	4	20.00000	25.00000						
2	752	0	-4	4	20.00000	25.00000						
2	752	0	4	4	20.00000	25.00000						
2	752	1	4	4	20.00000	25.00000						
2	752	3	-4	4	20.00000	25.00000						
2	752	4	-2	4	20.02224	25.00801						
2	790	-5	1	0	19.91172	24.73517						
2	790	-3	-2	0	19.99756	24.99267						
2	790	-3	1	0	19.95096	24.85287						
2	790	-2	-1	0	19.97057	24.91172						
2	790	-1	2	0	19.99951	24.99853						
2	790	0	-2	0	20.00049	25.00147						
2	790	1	-4	0	20.00000	25.00000						
2	790	2	-2	0	20.00244	25.00733						
2	790	2	3	0	20.00002	25.00005						
2	790	3	3	0	20.00002	25.00007						
2	790	-4	-3	4	19.99988	24.99996						
2	790	-3	-3	4	19.99992	24.99997						
2	790	-3	3	4	19.99992	24.99997						
2	790	-2	3	4	19.99995	24.99998						
2	790	-1	-2	4	19.99756	24.99912						
2	790	0	-4	4	20.00000	25.00000						
2	790	1	-3	4	20.00005	25.00002						
2	790	2	-2	4	20.01221	25.00440						
2	790	2	0	4	20.66655	25.23996						
2	790	4	-2	4	20.02198	25.00791						
2	838	-4	-1	0	19.93235	24.79704						
2	838	-3	-4	0	20.00000	25.00000						
2	838	-3	0	0	19.86864	24.60592						
2	838	-2	2	0	19.99856	24.99567						
2	838	-1	3	0	20.00000	24.99999						
2	838	0	-2	0	20.00048	25.00144						
2	838	1	-3	0	20.00001	25.00003						
2	838	1	4	0	20.00000	25.00000						
2	838	3	-2	0	20.00337	25.01010						
2	838	4	-2	0	20.00433	25.01299						
2	838	-4	-1	4	19.66173	24.87822						
2	838	-3	-4	4	20.00000	25.00000						
2	838	-2	-3	4	19.99995	24.99998						
2	838	-1	-4	4	20.00000	25.00000						
2	838	-1	3	4	19.99998	24.99999						
2	838	0	-4	4	20.00000	25.00000						
2	838	1	-4	4	20.00000	25.00000						
2	838	2	-3	4	20.00008	25.00003						
2	838	3	-2	4	20.01684	25.00606						
2	838	4	0	4	21.18223	25.42560						
3	181	-5	-2	0	19.99445	24.98336						
3	181	-3	-4	0	20.00000	25.00000						
3	181	-3	3	0	19.99998	24.99994						
3	181	-1	-4	0	20.00000	25.00000						
3	181	-1	-3	0	20.00000	24.99999						
3	181	0	0	0	20.03365	25.10094						
3	181	1	-2	0	20.00185	25.00555						
3	181	1	2	0	20.00185	25.00555						
3	181	2	2	0	20.00308	25.00924						
3	181	3	1	0	20.08665	25.25994						
3	181	-4	-3	4	19.99985	24.99995						
3	181	-3	-4	4	20.00000	25.00000						
3	181	-2	-5	4	20.00000	25.00000						
3	181	-2	3	4	19.99994	24.99998						
3	181	-1	2	4	19.99692	24.99889						
3	181	0	-2	4	20.00308	25.00111						
3	181	1	-3	4	20.00006	25.00002						
3	181	2	-3	4	20.00010	25.00004						
3	181	3	-1	4	20.43323	25.15596						
3	181	3	3	4	20.00015	25.00005						
3	269	-5	1	0	19.89287	24.67861						
3	269	-3	-2	0	19.99704	24.99111						
3	269	-2	-5	0	20.00000	25.00000						
3	269	-2	4	0	20.00000	25.00000						
3	269	-1	0	0	19.96764	24.90293						
3	269	0	2	0	20.00059	25.00178						
3	269	1	-3	0	20.00001	25.00004						
3	269	1	2	0	20.00178	25.00533						
3	269	2	1	0	20.05952	25.17855						
3	269	4	-1	0	20.10713	25.32139						
3	269	-4	-4	4	20.00000	25.00000						
3	269	-3	-2	4	19.98518	24.99467						
3	269	-2	-4	4	20.00000	25.00000						
3	269	-2	3	4	19.99994	24.99998						
3	269	-1	3	4	19.99998	24.99999						
3	269	0	-5	4	20.00000	25.00000						
3	269	1	-2	4	20.00889	25.00320						
3	269	2	-3	4	20.00010	25.00004						
3	269	2	3	4	20.00010	25.00004						
3	269	3	3	4	20.00014	25.00005						
3	351	-4	-1	0	19.91952	24.75856						
3	351	-4	1	0	19.91952	24.75856						
3	351	-3	3	0	19.99998	24.99994						
3	351	-1	-5	0	20.00000	25.00000						
3	351	-1	-1	0	19.98850	24.96551						
3	351	0	1	0	20.01150	25.03449						
3	351	1	-5	0	20.00000	25.00000						
3	351	2	-3	0	20.00002	25.00006						
3	351	3	-2	0	20.00401	25.01202						
3	351	4	-1	0	20.10347	25.31042						
3	351	-4	-4	4	20.00000	25.00000						
3	351	-4	3	4	19.99987	24.99995						
3	351	-2	-3	4	19.99994	24.99998						
3	351	-2	4	4	20.00000	25.00000						
3	351	-1	-2	4	19.99714	24.99897						
3	351	0	1	4	20.05749	25.02069						
3	351	0	4	4	20.00000	25.00000						
3	351	1	2	4	20.00859	25.00309						
3	351	2	1	4	20.28743	25.10347						
3	351	3	2	4	20.02003	25.00721						
3	445	-4	-3	0	19.99997	24.99992						
3	445	-3	-3	0	19.99998	24.99994						
3	445	-3	1	0	19.94465	24.83394						
3	445	-2	0	0	19.90972	24.72916						
3	445	-1	-1	0	19.98893	24.96679						
3	445	0	0	0	20.03009	25.09028						
3	445	1	-4	0	20.00000	25.00000						
3	445	2	-1	0	20.05535	25.16606						
3	445	2	2	0	20.00276	25.00827						
3	445	4	0	0	20.27084	25.81253						
3	445	-5	-2	4	19.97520	24.99107						
3	445	-4	3	4	19.99987	24.99995						
3	445	-2	-5	4	20.00000	25.00000						
3	445	-2	1	4	19.83394	24.94022						
3	445	-1	4	4	20.00000	25.00000						
3	445	0	1	4	20.05535	25.01993						
3	445	1	-1	4	20.16606	25.05978						
3	445	2	-2	4	20.01378	25.00496						
3	445	3	-1	4	20.38748	25.13949						
3	445	4	-1	4	20.49819	25.17935						
3	568	-4	-4	0	20.00000	25.00000						
3	568	-3	-3	0	19.99998	24.99995						
3	568	-3	2	0	19.99737	24.99211						
3	568	-2	4	0	20.00000	25.00000						
3	568	-1	0	0	19.97127	24.91380						
3	568	0	0	0	20.02873	25.08620						
3	568	1	-1	0	20.03171	25.09513						
3	568	2	-2	0	20.00263	25.00789						
3	568	3	-3	0	20.00002	25.00007						
3	568	3	2	0	20.00368	25.01105						
3	568	-4	-3	4	19.99988	24.99996						
3	568	-4	3	4	19.99988	24.99996						
3	568	-3	0	4	19.28169	24.74141						
3	568	-1	-4	4	20.00000	25.00000						
3	568	-1	2	4	19.99737	24.99905						
3	568	0	-4	4	20.00000	25.00000						
3	568	1	0	4	20.43099	25.15516						
3	568	2	-2	4	20.01316	25.00474						
3	568	2	0	4	20.71831	25.25859						
3	568	3	2	4	20.01842	25.00663						
3	572	-4	-1	0	19.92612	24.77835						
3	572	-3	-2	0	19.99737	24.99212						
3	572	-2	-4	0	20.00000	25.00000						
3	572	-2	2	0	19.99842	24.99527						
3	572	-1	4	0	20.00000	25.00000						
3	572	0	-2	0	20.00053	25.00158						
3	572	1	-3	0	20.00001	25.00003						
3	572	2	-2	0	20.00263	25.00788						
3	572	3	-4	0	20.00000	25.00000						
3	572	4	0	0	20.25822	25.77466						
3	572	-4	-4	4	20.00000	25.00000						
3	572	-3	-3	4	19.99991	24.99997						
3	572	-3	1	4	19.73613	24.90501						
3	572	-1	-4	4	20.00000	25.00000						
3	572	-1	3	4	19.99998	24.99999						
3	572	0	0	4	20.14345	25.05164						
3	572	0	4	4	20.00000	25.00000						
3	572	1	2	4	20.00788	25.00284						
3	572	3	-4	4	20.00000	25.00000						
3	572	4	1	4	20.47497	25.17099						
3	612	-5	1	0	19.90635	24.71905						
3	612	-3	-4	0	20.00000	25.00000						
3	612	-3	3	0	19.99998	24.99995						
3	612	-2	4	0	20.00000	25.00000						
3	612	-1	2	0	19.99948	24.99845						
3	612	0	-5	0	20.00000	25.00000						
3	612	1	-4	0	20.00000	25.00000						
3	612	1	4	0	20.00000	25.00000						
3	612	3	-4	0	20.00000	25.00000						
3	612	4	0	0	20.25456	25.76369						
3	612	-4	-3	4	19.99988	24.99996						
3	612	-4	2	4	19.98187	24.99347						
3	612	-2	-5	4	20.00000	25.00000						
3	612	-1	-4	4	20.00000	25.00000						
3	612	-1	-1	4	19.94797	24.98127						
3	612	0	0	4	20.14142	25.05091						
3	612	1	-3	4	20.00005	25.00002						
3	612	1	4	4	20.00000	25.00000						
3	612	2	0	4	20.70712	25.25456						
3	612	3	1	4	20.36419	25.13111						
3	711	-5	-1	0	19.90946	24.72837						
3	711	-4	1	0	19.92958	24.78873						
3	711	-3	2	0	19.99750	24.99249						
3	711	-1	-4	0	20.00000	25.00000						
3	711	-1	3	0	20.00000	24.99999						
3	711	0	2	0	20.00050	25.00150						
3	711	1	-3	0	20.00001	25.00003						
3	711	2	-2	0	20.00250	25.00751						
3	711	3	-2	0	20.00351	25.01052						
3	711	3	1	0	20.07042	25.21127						
3	711	-5	-1	4	19.54729	24.83702						
3	711	-4	2	4	19.98247	24.99369						
3	711	-3	0	4	19.31633	24.75388						
3	711	-2	3	4	19.99995	24.99998						
3	711	-1	3	4	19.99998	24.99999						
3	711	0	0	4	20.13673	25.04922						
3	711	1	-4	4	20.00000	25.00000						
3	711	1	1	4	20.15090	25.05433						
3	711	2	1	4	20.25151	25.09054						
3	711	3	3	4	20.00012	25.00004						
3	733	-5	-2	0	19.99552	24.98657						
3	733	-4	1	0	19.93008	24.79025						
3	733	-3	3	0	19.99998	24.99995						
3	733	-2	3	0	19.99999	24.99997						
3	733	-1	4	0	20.00000	25.00000						
3	733	0	-3	0	20.00000	25.00001						
3	733	1	0	0	20.08145	25.24436						
3	733	2	-3	0	20.00002	25.00005						
3	733	2	2	0	20.00249	25.00746						
3	733	4	-1	0	20.08989	25.26968						
3	733	-4	-3	4	19.99988	24.99996						
3	733	-4	1	4	19.65041	24.87415						
3	733	-2	-3	4	19.99995	24.99998						
3	733	-2	0	4	19.59274	24.85339						
3	733	-1	3	4	19.99998	24.99999						
3	733	0	2	4	20.00249	25.00090						
3	733	1	-4	4	20.00000	25.00000						
3	733	2	-1	4	20.24970	25.08989						
3	733	2	1	4	20.24970	25.08989						
3	733	3	1	4	20.34959	25.12585						
3	916	-5	1	0	19.91499	24.74497						
3	916	-4	3	0	19.99998	24.99993						
3	916	-2	-3	0	19.99999	24.99997						
3	916	-2	1	0	19.97166	24.91499						
3	916	-1	2	0	19.99953	24.99859						
3	916	0	-1	0	20.00945	25.02834						
3	916	1	-4	0	20.00000	25.00000						
3	916	2	-3	0	20.00002	25.00005						
3	916	3	-1	0	20.06612	25.19836						
3	916	3	2	0	20.00329	25.00988						
3	916	-4	-3	4	19.99989	24.99996						
3	916	-4	3	4	19.99989	24.99996						
3	916	-2	-5	4	20.00000	25.00000						
3	916	-2	0	4	19.61486	24.86135						
3	916	-1	4	4	20.00000	25.00000						
3	916	0	-1	4	20.04723	25.01700						
3	916	1	-3	4	20.00005	25.00002						
3	916	1	2	4	20.00705	25.00254						
3	916	3	-4	4	20.00000	25.00000						
3	916	4	-1	4	20.42506	25.15302						
4	75	-4	-2	0	19.99547	24.98640						
4	75	-3	-3	0	19.99998	24.99993						
4	75	-3	2	0	19.99676	24.99029						
4	75	-2	2	0	19.99806	24.99417						
4	75	-1	0	0	19.96464	24.89392						
4	75	0	-2	0	20.00065	25.00194						
4	75	1	-3	0	20.00001	25.00004						
4	75	2	-1	0	20.06504	25.19512						
4	75	2	1	0	20.06504	25.19512						
4	75	3	2	0	20.00453	25.01360						
4	75	-4	-2	4	19.97733	24.99184						
4	75	-4	0	4	18.76244	24.55448						
4	75	-3	0	4	19.11603	24.68177						
4	75	-2	1	4	19.80488	24.92976						
4	75	-1	0	4	19.82321	24.93635						
4	75	0	-2	4	20.00324	25.00117						
4	75	1	-5	4	20.00000	25.00000						
4	75	2	-2	4	20.01619	25.00583						
4	75	2	1	4	20.32520	25.11707						
4	75	4	1	4	20.58535	25.21073						
4	154	-4	-4	0	20.00000	25.00000						
4	154	-4	2	0	19.99563	24.98690						
4	154	-3	2	0	19.99688	24.99064						
4	154	-2	4	0	20.00000	25.00000						
4	154	-1	-1	0	19.98747	24.96240						
4	154	0	-2	0	20.00062	25.00187						
4	154	1	-3	0	20.00001	25.00004						
4	154	2	-4	0	20.00000	25.00000						
4	154	2	2	0	20.00312	25.00936						
4	154	3	3	0	20.00003	25.00009						
4	154	-4	-1	4	19.56138	24.84210						
4	154	-3	-1	4	19.68670	24.88721						
4	154	-2	-5	4	20.00000	25.00000						
4	154	-2	4	4	20.00000	25.00000						
4	154	-1	3	4	19.99998	24.99999						
4	154	0	-2	4	20.00312	25.00112						
4	154	1	-1	4	20.18798	25.06767						
4	154	1	4	4	20.00000	25.00000						
4	154	3	-2	4	20.02184	25.00786						
4	154	3	2	4	20.02184	25.00786						
4	190	-4	-3	0	19.99997	24.99991						
4	190	-4	2	0	19.99570	24.98711						
4	190	-3	3	0	19.99998	24.99994						
4	190	-2	1	0	19.96302	24.88905						
4	190	-1	2	0	19.99939	24.99816						
4	190	0	-2	0	20.00061	25.00184						
4	190	1	-1	0	20.03698	25.11095						
4	190	2	-4	0	20.00000	25.00000						
4	190	3	-3	0	20.00003	25.00009						
4	190	4	0	0	20.30158	25.90475						
4	190	-4	-3	4	19.99986	24.99995						
4	190	-3	-1	4	19.69181	24.88905						
4	190	-3	2	4	19.98466	24.99448						
4	190	-2	3	4	19.99994	24.99998						
4	190	-1	2	4	19.99693	24.99890						
4	190	0	0	4	20.16755	25.06032						
4	190	1	0	4	20.50264	25.18095						
4	190	1	4	4	20.00000	25.00000						
4	190	2	2	4	20.01534	25.00552						
4	190	4	0	4	21.50792	25.54285						
4	340	-4	-2	0	19.99597	24.98792						
4	340	-3	-4	0	20.00000	25.00000						
4	340	-2	-4	0	20.00000	25.00000						
4	340	-2	-1	0	19.96535	24.89605						
4	340	-1	-2	0	19.99942	24.99827						
4	340	0	2	0	20.00058	25.00173						
4	340	1	-3	0	20.00001	25.00003						
4	340	1	4	0	20.00000	25.00000						
4	340	2	3	0	20.00002	25.00006						
4	340	3	3	0	20.00003	25.00008						
4	340	-4	-4	4	20.00000	25.00000						
4	340	-4	2	4	19.97987	24.99275						
4	340	-3	3	4	19.99990	24.99997						
4	340	-2	3	4	19.99994	24.99998						
4	340	-1	3	4	19.99998	24.99999						
4	340	0	-2	4	20.00288	25.00104						
4	340	1	-4	4	20.00000	25.00000						
4	340	2	-3	4	20.00010	25.00003						
4	340	2	3	4	20.00010	25.00003						
4	340	4	-2	4	20.02588	25.00932						
4	496	-5	1	0	19.90230	24.70690						
4	496	-3	-2	0	19.99730	24.99189						
4	496	-3	3	0	19.99998	24.99995						
4	496	-1	-4	0	20.00000	25.00000						
4	496	-1	4	0	20.00000	25.00000						
4	496	0	-1	0	20.01086	25.03257						
4	496	1	-4	0	20.00000	25.00000						
4	496	2	-3	0	20.00002	25.00005						
4	496	3	-4	0	20.00000	25.00000						
4	496	3	3	0	20.00003	25.00008						
4	496	-4	-3	4	19.99987	24.99995						
4	496	-3	-2	4	19.98649	24.99514						
4	496	-2	-5	4	20.00000	25.00000						
4	496	-2	3	4	19.99995	24.99998						
4	496	-1	-1	4	19.94572	24.98046						
4	496	0	-3	4	20.00002	25.00001						
4	496	1	-1	4	20.16284	25.05862						
4	496	2	-1	4	20.27139	25.09770						
4	496	2	2	4	20.01351	25.00486						
4	496	4	-1	4	20.48851	25.17586						
4	513	-5	-1	0	19.90292	24.70877						
4	513	-3	-3	0	19.99998	24.99995						
4	513	-3	2	0	19.99731	24.99194						
4	513	-2	3	0	19.99999	24.99997						
4	513	-1	3	0	20.00000	24.99999						
4	513	0	-1	0	20.01079	25.03236						
4	513	1	-3	0	20.00001	25.00003						
4	513	1	4	0	20.00000	25.00000						
4	513	3	-3	0	20.00003	25.00008						
4	513	4	-1	0	20.09708	25.29123						
4	513	-5	-1	4	19.51461	24.82526						
4	513	-3	-2	4	19.98657	24.99517						
4	513	-3	0	4	19.26699	24.73612						
4	513	-2	0	4	19.56019	24.84167						
4	513	-1	-3	4	19.99998	24.99999						
4	513	0	-3	4	20.00002	25.00001						
4	513	1	-3	4	20.00005	25.00002						
4	513	1	2	4	20.00806	25.00290						
4	513	3	-4	4	20.00000	25.00000						
4	513	4	-2	4	20.02417	25.00870						
4	727	-4	-3	0	19.99998	24.99993						
4	727	-4	1	0	19.92995	24.78984						
4	727	-2	-3	0	19.99999	24.99997						
4	727	-2	2	0	19.99851	24.99552						
4	727	-1	2	0	19.99950	24.99851						
4	727	0	-3	0	20.00000	25.00001						
4	727	1	-4	0	20.00000	25.00000						
4	727	2	-2	0	20.00249	25.00747						
4	727	3	-1	0	20.07005	25.21016						
4	727	4	-1	0	20.09007	25.27021						
4	727	-5	0	4	18.77583	24.55930						
4	727	-4	2	4	19.98256	24.99372						
4	727	-3	2	4	19.98754	24.99552						
4	727	-2	1	4	19.84988	24.94596						
4	727	-1	-1	4	19.94996	24.98199						
4	727	0	-5	4	20.00000	25.00000						
4	727	1	-1	4	20.15012	25.05404						
4	727	1	1	4	20.15012	25.05404						
4	727	3	-4	4	20.00000	25.00000						
4	727	3	1	4	20.35027	25.12610						
4	897	-4	-2	0	19.99669	24.99007						
4	897	-4	1	0	19.93352	24.80055						
4	897	-3	2	0	19.99764	24.99291						
4	897	-2	1	0	19.97151	24.91452						
4	897	-1	-2	0	19.99953	24.99858						
4	897	0	-1	0	20.00950	25.02849						
4	897	0	4	0	20.00000	25.00000						
4	897	2	-3	0	20.00002	25.00005						
4	897	2	3	0	20.00002	25.00005						
4	897	3	3	0	20.00002	25.00007						
4	897	-5	-1	4	19.57261	24.84614						
4	897	-3	-4	4	20.00000	25.00000						
4	897	-3	3	4	19.99992	24.99997						
4	897	-2	0	4	19.61275	24.86059						
4	897	-1	0	4	19.87092	24.95353						
4	897	0	0	4	20.12908	25.04647						
4	897	1	-5	4	20.00000	25.00000						
4	897	1	3	4	20.00005	25.00002						
4	897	2	1	4	20.23744	25.08548						
4	897	4	0	4	21.16176	25.41824						
4	980	-5	0	0	19.77301	24.31904						
4	980	-3	-3	0	19.99998	24.99995						
4	980	-3	0	0	19.87390	24.62169						
4	980	-2	1	0	19.97217	24.91650						
4	980	-1	3	0	20.00000	24.99999						
4	980	0	-3	0	20.00000	25.00001						
4	980	1	0	0	20.07566	25.22699						
4	980	1	2	0	20.00139	25.00416						
4	980	3	-4	0	20.00000	25.00000						
4	980	3	2	0	20.00323	25.00970						
4	980	-5	0	4	18.86506	24.59142						
4	980	-4	1	4	19.67526	24.88309						
4	980	-2	-5	4	20.00000	25.00000						
4	980	-2	2	4	19.99307	24.99751						
4	980	-1	3	4	19.99998	24.99999						
4	980	0	-3	4	20.00002	25.00001						
4	980	1	-1	4	20.13917	25.05010						
4	980	2	-2	4	20.01155	25.00416						
4	980	3	-2	4	20.01617	25.00582						
4	980	3	0	4	20.88273	25.31778						
4	985	-5	-1	0	19.91661	24.74983						
4	985	-4	3	0	19.99998	24.99993						
4	985	-2	-3	0	19.99999	24.99997						
4	985	-1	-5	0	20.00000	25.00000						
4	985	-1	-3	0	20.00000	24.99999						
4	985	0	-3	0	20.00000	25.00001						
4	985	0	4	0	20.00000	25.00000						
4	985	2	-3	0	20.00002	25.00005						
4	985	3	-1	0	20.06486	25.19458						
4	985	3	2	0	20.00323	25.00969						
4	985	-4	-3	4	19.99989	24.99996						
4	985	-4	1	4	19.67570	24.88325						
4	985	-2	-2	4	19.99308	24.99751						
4	985	-1	-5	4	20.00000	25.00000						
4	985	-1	0	4	19.87407	24.95466						
4	985	0	-1	4	20.04633	25.01668						
4	985	1	-3	4	20.00005	25.00002						
4	985	2	-4	4	20.00000	25.00000						
4	985	3	-3	4	20.00011	25.00004						
4	985	3	3	4	20.00011	25.00004						
5	3	-4	0	0	19.67033	24.23077						
5	3	-4	3	0	19.99997	24.99991						
5	3	-2	-2	0	19.99799	24.99396						
5	3	-2	0	0	19.89011	24.67033						
5	3	-1	-2	0	19.99933	24.99799						
5	3	0	-2	0	20.00067	25.00201						
5	3	1	-3	0	20.00001	25.00004						
5	3	2	-4	0	20.00000	25.00000						
5	3	2	3	0	20.00002	25.00007						
5	3	4	1	0	20.12128	25.36384						
5	3	-4	0	4	18.71795	24.53846						
5	3	-4	1	4	19.52836	24.83021						
5	3	-2	-4	4	20.00000	25.00000						
5	3	-2	2	4	19.98994	24.99638						
5	3	-1	0	4	19.81685	24.93407						
5	3	0	1	4	20.06738	25.02426						
5	3	1	-4	4	20.00000	25.00000						
5	3	2	-4	4	20.00000	25.00000						
5	3	3	-3	4	20.00016	25.00006						
5	3	4	1	4	20.60639	25.21830						
5	130	-5	1	0	19.88595	24.65784						
5	130	-3	-4	0	20.00000	25.00000						
5	130	-3	3	0	19.99998	24.99994						
5	130	-2	0	0	19.89666	24.68997						
5	130	-1	2	0	19.99937	24.99811						
5	130	0	-4	0	20.00000	25.00000						
5	130	0	3	0	20.00000	25.00001						
5	130	2	-4	0	20.00000	25.00000						
5	130	2	2	0	20.00315	25.00946						
5	130	4	-2	0	20.00568	25.01704						
5	130	-5	0	4	18.44985	24.44194						
5	130	-4	3	4	19.99985	24.99995						
5	130	-2	-3	4	19.99994	24.99998						
5	130	-2	2	4	19.99054	24.99659						
5	130	-1	1	4	19.93664	24.97719						
5	130	0	-2	4	20.00315	25.00114						
5	130	1	-1	4	20.19009	25.06843						
5	130	2	-3	4	20.00011	25.00004						
5	130	2	2	4	20.01577	25.00568						
5	130	4	-1	4	20.57027	25.20530						
5	190	-5	-1	0	19.88905	24.66716						
5	190	-3	-1	0	19.93836	24.81509						
5	190	-2	-3	0	19.99999	24.99996						
5	190	-2	0	0	19.89947	24.69842						
5	190	-1	0	0	19.96649	24.89947						
5	190	0	0	0	20.03351	25.10053						
5	190	0	4	0	20.00000	25.00000						
5	190	2	-2	0	20.00307	25.00921						
5	190	2	1	0	20.06164	25.18491						
5	190	3	3	0	20.00003	25.00009						
5	190	-5	1	4	19.44527	24.80030						
5	190	-3	-1	4	19.69181	24.88905						
5	190	-2	-2	4	19.99079	24.99669						
5	190	-2	3	4	19.99994	24.99998						
5	190	-1	4	4	20.00000	25.00000						
5	190	0	-4	4	20.00000	25.00000						
5	190	1	-5	4	20.00000	25.00000						
5	190	1	1	4	20.18491	25.06657						
5	190	3	-3	4	20.00014	25.00005						
5	190	4	0	4	21.50792	25.54285						
5	303	-4	-2	0	19.99591	24.98774						
5	303	-3	-2	0	19.99708	24.99124						
5	303	-2	-3	0	19.99999	24.99996						
5	303	-2	1	0	19.96481	24.89442						
5	303	-1	0	0	19.96811	24.90434						
5	303	0	-1	0	20.01173	25.03519						
5	303	0	4	0	20.00000	25.00000						
5	303	1	4	0	20.00000	25.00000						
5	303	2	3	0	20.00002	25.00006						
5	303	4	-1	0	20.10558	25.31673						
5	303	-4	-2	4	19.97956	24.99264						
5	303	-3	-2	4	19.98540	24.99474						
5	303	-2	-4	4	20.00000	25.00000						
5	303	-2	0	4	19.52168	24.82781						
5	303	-1	0	4	19.84056	24.94260						
5	303	0	-3	4	20.00002	25.00001						
5	303	0	3	4	20.00002	25.00001						
5	303	2	-3	4	20.00010	25.00004						
5	303	3	-3	4	20.00014	25.00005						
5	303	3	1	4	20.41058	25.14781						
5	365	-4	-3	0	19.99997	24.99992						
5	365	-3	-3	0	19.99998	24.99994						
5	365	-3	0	0	19.84463	24.53390						
5	365	-1	-4	0	20.00000	25.00000						
5	365	-1	1	0	19.98857	24.96571						
5	365	0	1	0	20.01143	25.03429						
5	365	1	-4	0	20.00000	25.00000						
5	365	1	4	0	20.00000	25.00000						
5	365	3	-2	0	20.00398	25.01195						
5	365	3	1	0	20.08002	25.24005						
5	365	-5	0	4	18.60171	24.49662						
5	365	-3	-2	4	19.98577	24.99488						
5	365	-3	2	4	19.98577	24.99488						
5	365	-1	-5	4	20.00000	25.00000						
5	365	-1	-1	4	19.94284	24.97942						
5	365	0	-1	4	20.05716	25.02058						
5	365	0	4	4	20.00000	25.00000						
5	365	2	-3	4	20.00010	25.00003						
5	365	3	-2	4	20.01992	25.00717						
5	365	4	-1	4	20.51440	25.18518						
5	460	-5	-1	0	19.90094	24.70283						
5	460	-3	-3	0	19.99998	24.99994						
5	460	-3	1	0	19.94497	24.83490						
5	460	-1	-5	0	20.00000	25.00000						
5	460	-1	-2	0	19.99945	24.99836						
5	460	0	-3	0	20.00000	25.00001						
5	460	0	4	0	20.00000	25.00000						
5	460	1	4	0	20.00000	25.00000						
5	460	3	-3	0	20.00003	25.00008						
5	460	4	1	0	20.09906	25.29717						
5	460	-5	-1	4	19.50471	24.82170						
5	460	-4	1	4	19.61478	24.86132						
5	460	-3	2	4	19.98630	24.99507						
5	460	-1	-5	4	20.00000	25.00000						
5	460	-1	2	4	19.99726	24.99901						
5	460	0	-3	4	20.00002	25.00001						
5	460	1	-5	4	20.00000	25.00000						
5	460	2	-2	4	20.01370	25.00493						
5	460	2	0	4	20.74796	25.26927						
5	460	3	3	4	20.00013	25.00005						
5	498	-4	-4	0	20.00000	25.00000						
5	498	-4	3	0	19.99997	24.99992						
5	498	-2	-2	0	19.99838	24.99514						
5	498	-1	-5	0	20.00000	25.00000						
5	498	-1	3	0	20.00000	24.99999						
5	498	0	1	0	20.01085	25.03254						
5	498	1	0	0	20.08846	25.26538						
5	498	2	-3	0	20.00002	25.00005						
5	498	3	-2	0	20.00378	25.01134						
5	498	4	1	0	20.09763	25.29288						
5	498	-5	0	4	18.67311	24.52232						
5	498	-3	-3	4	19.99991	24.99997						
5	498	-2	-4	4	20.00000	25.00000						
5	498	-2	-1	4	19.83729	24.94142						
5	498	-1	3	4	19.99998	24.99999						
5	498	0	1	4	20.05424	25.01953						
5	498	1	-2	4	20.00810	25.00292						
5	498	1	3	4	20.00005	25.00002						
5	498	3	-2	4	20.01890	25.00680						
5	498	3	3	4	20.00013	25.00005						
5	640	-5	0	0	19.74791	24.24373						
5	640	-4	0	0	19.80393	24.41179						
5	640	-2	-4	0	20.00000	25.00000						
5	640	-2	0	0	19.91597	24.74791						
5	640	-1	4	0	20.00000	25.00000						
5	640	0	1	0	20.01030	25.03091						
5	640	0	4	0	20.00000	25.00000						
5	640	1	3	0	20.00001	25.00003						
5	640	3	-1	0	20.07213	25.21639						
5	640	4	1	0	20.09274	25.27822						
5	640	-4	-3	4	19.99988	24.99996						
5	640	-3	-3	4	19.99991	24.99997						
5	640	-3	2	4	19.98717	24.99538						
5	640	-2	2	4	19.99230	24.99723						
5	640	-1	1	4	19.94848	24.98145						
5	640	0	-4	4	20.00000	25.00000						
5	640	1	-3	4	20.00005	25.00002						
5	640	1	2	4	20.00770	25.00277						
5	640	3	-4	4	20.00000	25.00000						
5	640	4	1	4	20.46369	25.16693						
5	705	-5	-1	0	19.90928	24.72783						
5	705	-3	-1	0	19.94960	24.84880						
5	705	-2	-3	0	19.99999	24.99997						
5	705	-1	-5	0	20.00000	25.00000						
5	705	-1	-2	0	19.99950	24.99849						
5	705	0	-4	0	20.00000	25.00000						
5	705	1	-3	0	20.00001	25.00003						
5	705	1	3	0	20.00001	25.00003						
5	705	2	3	0	20.00002	25.00005						
5	705	4	-2	0	20.00452	25.01355						
5	705	-5	1	4	19.54639	24.83670						
5	705	-3	-3	4	19.99992	24.99997						
5	705	-3	0	4	19.31497	24.75339						
5	705	-2	-1	4	19.84880	24.94557						
5	705	-1	0	4	19.86299	24.95068						
5	705	0	-2	4	20.00251	25.00090						
5	705	1	-2	4	20.00753	25.00271						
5	705	1	2	4	20.00753	25.00271						
5	705	3	-3	4	20.00012	25.00004						
5	705	3	2	4	20.01757	25.00632						
5	892	-4	-4	0	20.00000	25.00000						
5	892	-4	1	0	19.93342	24.80026						
5	892	-3	2	0	19.99763	24.99290						
5	892	-2	4	0	20.00000	25.00000						
5	892	-1	3	0	20.00000	24.99999						
5	892	0	-1	0	20.00951	25.02853						
5	892	1	-5	0	20.00000	25.00000						
5	892	1	2	0	20.00142	25.00426						
5	892	2	1	0	20.04756	25.14267						
5	892	3	1	0	20.06658	25.19974						
5	892	-5	-1	4	19.57199	24.84592						
5	892	-3	-2	4	19.98816	24.99574						
5	892	-2	-3	4	19.99995	24.99998						
5	892	-1	-5	4	20.00000	25.00000						
5	892	-1	1	4	19.95244	24.98288						
5	892	0	-5	4	20.00000	25.00000						
5	892	1	-2	4	20.00710	25.00256						
5	892	1	1	4	20.14267	25.05136						
5	892	2	1	4	20.23778	25.08560						
5	892	3	1	4	20.33290	25.11984						
6	137	-5	-2	0	19.99434	24.98302						
6	137	-4	3	0	19.99997	24.99991						
6	137	-3	0	0	19.82832	24.48497						
6	137	-2	4	0	20.00000	25.00000						
6	137	-1	-1	0	19.98737	24.96211						
6	137	0	-3	0	20.00000	25.00001						
6	137	0	3	0	20.00000	25.00001						
6	137	1	4	0	20.00000	25.00000						
6	137	2	2	0	20.00314	25.00943						
6	137	3	0	0	20.24035	25.72104						
6	137	-5	0	4	18.45490	24.44377						
6	137	-3	-4	4	20.00000	25.00000						
6	137	-3	1	4	19.68422	24.88632						
6	137	-2	0	4	19.48497	24.81459						
6	137	-1	4	4	20.00000	25.00000						
6	137	0	0	4	20.17168	25.06180						
6	137	0	4	4	20.00000	25.00000						
6	137	2	-3	4	20.00011	25.00004						
6	137	3	-2	4	20.02201	25.00792						
6	137	3	1	4	20.44210	25.15915						
6	206	-4	-2	0	19.99573	24.98720						
6	206	-4	1	0	19.91433	24.74298						
6	206	-2	-3	0	19.99999	24.99996						
6	206	-1	-4	0	20.00000	25.00000						
6	206	-1	0	0	19.96673	24.90019						
6	206	0	-3	0	20.00000	25.00001						
6	206	0	4	0	20.00000	25.00000						
6	206	1	1	0	20.03672	25.11015						
6	206	2	3	0	20.00002	25.00006						
6	206	3	2	0	20.00427	25.01280						
6	206	-4	-3	4	19.99986	24.99995						
6	206	-4	1	4	19.57164	24.84579						
6	206	-2	-4	4	20.00000	25.00000						
6	206	-1	-5	4	20.00000	25.00000						
6	206	-1	2	4	19.99695	24.99890						
6	206	0	2	4	20.00305	25.00110						
6	206	0	3	4	20.00002	25.00001						
6	206	1	3	4	20.00006	25.00002						
6	206	3	-3	4	20.00014	25.00005						
6	206	4	-1	4	20.55075	25.19827						
6	283	-4	-2	0	19.99588	24.98763						
6	283	-4	1	0	19.91718	24.75154						
6	283	-2	-2	0	19.99823	24.99470						
6	283	-2	3	0	19.99999	24.99996						
6	283	-1	3	0	20.00000	24.99999						
6	283	0	-3	0	20.00000	25.00001						
6	283	1	-3	0	20.00001	25.00004						
6	283	2	-1	0	20.05916	25.17747						
6	283	3	-2	0	20.00412	25.01237						
6	283	4	-1	0	20.10648	25.31945						
6	283	-5	0	4	18.55272	24.47898						
6	283	-4	3	4	19.99986	24.99995						
6	283	-3	3	4	19.99990	24.99996						
6	283	-2	2	4	19.99116	24.99682						
6	283	-1	1	4	19.94084	24.97870						
6	283	0	-3	4	20.00002	25.00001						
6	283	0	4	4	20.00000	25.00000						
6	283	1	3	4	20.00006	25.00002						
6	283	3	-2	4	20.02062	25.00742						
6	283	3	1	4	20.41411	25.14908						
6	395	-5	-2	0	19.99494	24.98482						
6	395	-4	3	0	19.99997	24.99992						
6	395	-3	3	0	19.99998	24.99994						
6	395	-2	2	0	19.99831	24.99494						
6	395	-1	-1	0	19.98871	24.96612						
6	395	0	1	0	20.01129	25.03388						
6	395	0	4	0	20.00000	25.00000						
6	395	2	-1	0	20.05646	25.16939						
6	395	3	-3	0	20.00003	25.00008						
6	395	3	2	0	20.00394	25.01181						
6	395	-5	0	4	18.61866	24.50272						
6	395	-3	-3	4	19.99991	24.99997						
6	395	-3	2	4	19.98594	24.99494						
6	395	-2	2	4	19.99157	24.99696						
6	395	-1	2	4	19.99719	24.99899						
6	395	0	1	4	20.05646	25.02033						
6	395	1	-5	4	20.00000	25.00000						
6	395	2	-4	4	20.00000	25.00000						
6	395	2	2	4	20.01406	25.00506						
6	395	3	0	4	21.07438	25.38678						
6	439	-4	-4	0	20.00000	25.00000						
6	439	-3	-1	0	19.94452	24.83355						
6	439	-2	-2	0	19.99834	24.99503						
6	439	-2	2	0	19.99834	24.99503						
6	439	-1	-2	0	19.99945	24.99834						
6	439	0	-2	0	20.00055	25.00166						
6	439	0	4	0	20.00000	25.00000						
6	439	1	3	0	20.00001	25.00003						
6	439	3	-3	0	20.00003	25.00008						
6	439	3	2	0	20.00387	25.01160						
6	439	-5	1	4	19.50064	24.82023						
6	439	-4	3	4	19.99987	24.99995						
6	439	-2	-4	4	20.00000	25.00000						
6	439	-2	4	4	20.00000	25.00000						
6	439	-1	-2	4	19.99724	24.99901						
6	439	0	-1	4	20.05548	25.01997						
6	439	1	0	4	20.45246	25.16289						
6	439	2	-2	4	20.01381	25.00497						
6	439	3	-3	4	20.00013	25.00005						
6	439	4	1	4	20.49936	25.17977						
6	454	-5	0	0	19.73011	24.19032						
6	454	-3	-4	0	20.00000	25.00000						
6	454	-3	0	0	19.85006	24.55018						
6	454	-2	4	0	20.00000	25.00000						
6	454	-1	4	0	20.00000	25.00000						
6	454	0	-2	0	20.00055	25.00165						
6	454	1	-5	0	20.00000	25.00000						
6	454	2	-2	0	20.00275	25.00824						
6	454	3	-2	0	20.00384	25.01153						
6	454	4	-2	0	20.00494	25.01483						
6	454	-4	-2	4	19.98078	24.99308						
6	454	-4	0	4	18.95041	24.62215						
6	454	-3	1	4	19.72420	24.90071						
6	454	-1	-4	4	20.00000	25.00000						
6	454	-1	1	4	19.94484	24.98014						
6	454	0	0	4	20.14994	25.05398						
6	454	1	-2	4	20.00824	25.00297						
6	454	2	-3	4	20.00009	25.00003						
6	454	3	-3	4	20.00013	25.00005						
6	454	3	2	4	20.01922	25.00692						
6	457	-5	0	0	19.73042	24.19126						
6	457	-4	3	0	19.99997	24.99992						
6	457	-3	1	0	19.94490	24.83471						
6	457	-2	1	0	19.96694	24.90083						
6	457	-1	-1	0	19.98898	24.96694						
6	457	0	-1	0	20.01102	25.03306						
6	457	1	-2	0	20.00165	25.00494						
6	457	2	-3	0	20.00002	25.00006						
6	457	3	-4	0	20.00000	25.00000						
6	457	3	0	0	20.20967	25.62902						
6	457	-5	1	4	19.50414	24.82149						
6	457	-4	2	4	19.98080	24.99309						
6	457	-2	-3	4	19.99994	24.99998						
6	457	-2	3	4	19.99994	24.99998						
6	457	-1	1	4	19.94490	24.98017						
6	457	0	-5	4	20.00000	25.00000						
6	457	1	-3	4	20.00006	25.00002						
6	457	2	-4	4	20.00000	25.00000						
6	457	3	-2	4	20.01920	25.00691						
6	457	4	0	4	21.34790	25.48524						
6	529	-4	-4	0	20.00000	25.00000						
6	529	-3	-3	0	19.99998	24.99995						
6	529	-3	2	0	19.99733	24.99199						
6	529	-2	1	0	19.96783	24.90350						
6	529	-1	2	0	19.99947	24.99840						
6	529	0	2	0	20.00053	25.00160						
6	529	0	4	0	20.00000	25.00000						
6	529	2	-3	0	20.00002	25.00005						
6	529	2	1	0	20.05361	25.16083						
6	529	4	-1	0	20.09650	25.28950						
6	529	-5	-1	4	19.51750	24.82630						
6	529	-3	-4	4	20.00000	25.00000						
6	529	-3	0	4	19.27135	24.73769						
6	529	-2	3	4	19.99995	24.99998						
6	529	-1	2	4	19.99733	24.99904						
6	529	0	-1	4	20.05361	25.01930						
6	529	1	0	4	20.43719	25.15739						
6	529	2	-3	4	20.00009	25.00003						
6	529	2	1	4	20.26806	25.09650						
6	529	4	-1	4	20.48250	25.17370						
6	726	-4	-1	0	19.92992	24.78977						
6	726	-4	1	0	19.92992	24.78977						
6	726	-3	0	0	19.86394	24.59181						
6	726	-2	1	0	19.96997	24.90990						
6	726	-1	1	0	19.98999	24.96997						
6	726	0	1	0	20.01001	25.03003						
6	726	0	3	0	20.00000	25.00001						
6	726	1	1	0	20.03003	25.09010						
6	726	2	1	0	20.05005	25.15016						
6	726	4	-1	0	20.09010	25.27030						
6	726	-4	-4	4	20.00000	25.00000						
6	726	-4	1	4	19.64962	24.87386						
6	726	-3	1	4	19.74973	24.90990						
6	726	-1	-5	4	20.00000	25.00000						
6	726	-1	3	4	19.99998	24.99999						
6	726	0	-3	4	20.00002	25.00001						
6	726	1	-4	4	20.00000	25.00000						
6	726	1	3	4	20.00005	25.00002						
6	726	3	-2	4	20.01744	25.00628						
6	726	4	-1	4	20.45049	25.16218						
6	792	-4	-3	0	19.99998	24.99993						
6	792	-3	-3	0	19.99998	24.99995						
6	792	-2	-3	0	19.99999	24.99997						
6	792	-2	3	0	19.99999	24.99997						
6	792	-1	2	0	19.99951	24.99854						
6	792	0	1	0	20.00980	25.02941						
6	792	0	4	0	20.00000	25.00000						
6	792	2	-3	0	20.00002	25.00005						
6	792	3	-4	0	20.00000	25.00000						
6	792	4	1	0	20.08822	25.26466						
6	792	-4	-3	4	19.99988	24.99996						
6	792	-3	-2	4	19.98780	24.99561						
6	792	-2	-5	4	20.00000	25.00000						
6	792	-2	0	4	19.60032	24.85611						
6	792	-1	2	4	19.99756	24.99912						
6	792	0	-3	4	20.00002	25.00001						
6	792	1	-5	4	20.00000	25.00000						
6	792	2	-2	4	20.01220	25.00439						
6	792	3	-3	4	20.00012	25.00004						
6	792	3	0	4	20.93259	25.33573						
7	79	-4	-2	0	19.99548	24.98643						
7	79	-3	-3	0	19.99998	24.99993						
7	79	-2	-2	0	19.99806	24.99418						
7	79	-2	0	0	19.89413	24.68238						
7	79	-1	3	0	20.00000	24.99999						
7	79	0	1	0	20.01298	25.03895						
7	79	1	-3	0	20.00001	25.00004						
7	79	2	-4	0	20.00000	25.00000						
7	79	2	1	0	20.06491	25.19474						
7	79	3	2	0	20.00452	25.01357						
7	79	-4	-4	4	20.00000	25.00000						
7	79	-4	0	4	18.76481	24.55533						
7	79	-3	3	4	19.99989	24.99996						
7	79	-2	-1	4	19.80526	24.92989						
7	79	-1	0	4	19.82354	24.93648						
7	79	0	1	4	20.06491	25.02337						
7	79	0	3	4	20.00002	25.00001						
7	79	2	-2	4	20.01616	25.00582						
7	79	3	-2	4	20.02262	25.00814						
7	79	4	-1	4	20.58423	25.21032						
7	222	-5	-2	0	19.99456	24.98367						
7	222	-3	-1	0	19.93924	24.81773						
7	222	-3	3	0	19.99998	24.99994						
7	222	-2	0	0	19.90091	24.70272						
7	222	-1	-1	0	19.98785	24.96355						
7	222	0	-2	0	20.00060	25.00181						
7	222	1	-5	0	20.00000	25.00000						
7	222	2	-4	0	20.00000	25.00000						
7	222	3	-2	0	20.00423	25.01270						
7	222	4	0	0	20.29728	25.89185						
7	222	-5	0	4	18.51358	24.46489						
7	222	-4	2	4	19.97883	24.99238						
7	222	-2	-5	4	20.00000	25.00000						
7	222	-1	-4	4	20.00000	25.00000						
7	222	-1	1	4	19.93924	24.97813						
7	222	0	-4	4	20.00000	25.00000						
7	222	1	-4	4	20.00000	25.00000						
7	222	1	2	4	20.00907	25.00327						
7	222	2	2	4	20.01512	25.00544						
7	222	4	-2	4	20.02722	25.00980						
7	240	-4	-3	0	19.99997	24.99992						
7	240	-3	-4	0	20.00000	25.00000						
7	240	-3	1	0	19.93972	24.81917						
7	240	-2	0	0	19.90169	24.70508						
7	240	-1	-2	0	19.99940	24.99820						
7	240	0	-5	0	20.00000	25.00000						
7	240	0	4	0	20.00000	25.00000						
7	240	2	-2	0	20.00300	25.00900						
7	240	2	1	0	20.06028	25.18083						
7	240	3	2	0	20.00420	25.01260						
7	240	-4	-2	4	19.97899	24.99244						
7	240	-4	3	4	19.99986	24.99995						
7	240	-3	1	4	19.69862	24.89150						
7	240	-2	2	4	19.99100	24.99676						
7	240	-1	0	4	19.83615	24.94102						
7	240	0	-1	4	20.06028	25.02170						
7	240	1	-4	4	20.00000	25.00000						
7	240	2	-2	4	20.01500	25.00540						
7	240	2	3	4	20.00010	25.00004						
7	240	3	0	4	21.14692	25.41289						
7	600	-4	-3	0	19.99998	24.99993						
7	600	-3	-4	0	20.00000	25.00000						
7	600	-3	3	0	19.99998	24.99995						
7	600	-1	-5	0	20.00000	25.00000						
7	600	-1	1	0	19.98955	24.96865						
7	600	0	-2	0	20.00052	25.00156						
7	600	1	-2	0	20.00156	25.00468						
7	600	2	-2	0	20.00260	25.00780						
7	600	3	-4	0	20.00000	25.00000						
7	600	4	-2	0	20.00468	25.01405						
7	600	-5	0	4	18.72178	24.53984						
7	600	-4	0	4	19.00583	24.64210						
7	600	-2	-5	4	20.00000	25.00000						
7	600	-2	-1	4	19.84326	24.94357						
7	600	-1	-1	4	19.94775	24.98119						
7	600	0	-1	4	20.05225	25.01881						
7	600	0	4	4	20.00000	25.00000						
7	600	2	-4	4	20.00000	25.00000						
7	600	2	2	4	20.01301	25.00468						
7	600	3	2	4	20.01821	25.00656						
7	653	-4	-2	0	19.99642	24.98927						
7	653	-3	-4	0	20.00000	25.00000						
7	653	-2	-5	0	20.00000	25.00000						
7	653	-2	2	0	19.99847	24.99540						
7	653	-1	2	0	19.99949	24.99847						
7	653	0	0	0	20.02789	25.08366						
7	653	0	4	0	20.00000	25.00000						
7	653	2	-4	0	20.00000	25.00000						
7	653	2	0	0	20.13943	25.41828						
7	653	3	1	0	20.07181	25.21543						
7	653	-5	-1	4	19.53837	24.83381						
7	653	-4	2	4	19.98212	24.99356						
7	653	-3	3	4	19.99991	24.99997						
7	653	-2	4	4	20.00000	25.00000						
7	653	-1	-3	4	19.99998	24.99999						
7	653	0	-4	4	20.00000	25.00000						
7	653	1	-5	4	20.00000	25.00000						
7	653	1	4	4	20.00000	25.00000						
7	653	2	3	4	20.00009	25.00003						
7	653	4	1	4	20.46163	25.16619						
7	721	-5	0	0	19.75469	24.26406						
7	721	-3	-4	0	20.00000	25.00000						
7	721	-2	-2	0	19.99850	24.99551						
7	721	-2	1	0	19.96992	24.90975						
7	721	-1	-1	0	19.98997	24.96992						
7	721	0	-5	0	20.00000	25.00000						
7	721	1	-2	0	20.00150	25.00449						
7	721	2	-2	0	20.00250	25.00749						
7	721	3	-2	0	20.00349	25.01048						
7	721	4	0	0	20.24531	25.73594						
7	721	-4	-2	4	19.98253	24.99371						
7	721	-3	-4	4	20.00000	25.00000						
7	721	-3	3	4	19.99992	24.99997						
7	721	-2	3	4	19.99995	24.99998						
7	721	-1	-2	4	19.99750	24.99910						
7	721	0	-2	4	20.00250	25.00090						
7	721	1	-4	4	20.00000	25.00000						
7	721	2	-3	4	20.00008	25.00003						
7	721	3	-2	4	20.01747	25.00629						
7	721	4	0	4	21.22657	25.44157						
7	733	-4	-3	0	19.99998	24.99993						
7	733	-4	1	0	19.93008	24.79025						
7	733	-3	3	0	19.99998	24.99995						
7	733	-2	1	0	19.97004	24.91011						
7	733	-1	-3	0	20.00000	24.99999						
7	733	0	0	0	20.02715	25.08145						
7	733	1	-2	0	20.00149	25.00448						
7	733	1	2	0	20.00149	25.00448						
7	733	3	-3	0	20.00002	25.00007						
7	733	4	-1	0	20.08989	25.26968						
7	733	-5	-2	4	19.97762	24.99194						
7	733	-4	2	4	19.98260	24.99373						
7	733	-2	-5	4	20.00000	25.00000						
7	733	-1	-5	4	20.00000	25.00000						
7	733	-1	2	4	19.99751	24.99910						
7	733	0	-2	4	20.00249	25.00090						
7	733	1	-1	4	20.14982	25.05394						
7	733	1	3	4	20.00005	25.00002						
7	733	2	2	4	20.01243	25.00448						
7	733	4	0	4	21.22178	25.43984						
7	740	-5	1	0	19.91031	24.73093						
7	740	-3	-2	0	19.99752	24.99256						
7	740	-2	-5	0	20.00000	25.00000						
7	740	-2	3	0	19.99999	24.99997						
7	740	-1	-2	0	19.99950	24.99851						
7	740	0	-1	0	20.00997	25.02990						
7	740	1	-1	0	20.02990	25.08969						
7	740	2	-3	0	20.00002	25.00005						
7	740	2	1	0	20.04983	25.14948						
7	740	3	0	0	20.18962	25.56887						
7	740	-5	1	4	19.55155	24.83856						
7	740	-3	-2	4	19.98760	24.99553						
7	740	-3	3	4	19.99992	24.99997						
7	740	-2	0	4	19.59366	24.85372						
7	740	-1	-2	4	19.99752	24.99911						
7	740	0	-2	4	20.00248	25.00089						
7	740	1	-2	4	20.00744	25.00268						
7	740	2	-1	4	20.24914	25.08969						
7	740	2	3	4	20.00008	25.00003						
7	740	3	1	4	20.34879	25.12557						
7	812	-5	0	0	19.76167	24.28502						
7	812	-3	-2	0	19.99757	24.99272						
7	812	-2	-4	0	20.00000	25.00000						
7	812	-2	1	0	19.97077	24.91232						
7	812	-1	-1	0	19.99026	24.97077						
7	812	0	1	0	20.00974	25.02923						
7	812	1	-5	0	20.00000	25.00000						
7	812	1	4	0	20.00000	25.00000						
7	812	3	-4	0	20.00000	25.00000						
7	812	3	3	0	20.00002	25.00007						
7	812	-4	-1	4	19.65904	24.87725						
7	812	-4	1	4	19.65904	24.87725						
7	812	-3	1	4	19.75646	24.91232						
7	812	-2	0	4	19.60279	24.85700						
7	812	-1	-1	4	19.95129	24.98246						
7	812	0	0	4	20.13240	25.04767						
7	812	1	-1	4	20.14613	25.05261						
7	812	2	-1	4	20.24354	25.08768						
7	812	3	-4	4	20.00000	25.00000						
7	812	4	-1	4	20.43838	25.15782						
7	842	-4	-3	0	19.99998	24.99993						
7	842	-4	0	0	19.81632	24.44896						
7	842	-3	0	0	19.86880	24.60640						
7	842	-2	0	0	19.92128	24.76384						
7	842	-1	4	0	20.00000	25.00000						
7	842	0	-2	0	20.00048	25.00144						
7	842	1	-2	0	20.00144	25.00433						
7	842	2	-4	0	20.00000	25.00000						
7	842	2	2	0	20.00240	25.00721						
7	842	4	1	0	20.08688	25.26064						
7	842	-4	-1	4	19.66214	24.87837						
7	842	-4	3	4	19.99989	24.99996						
7	842	-2	-3	4	19.99995	24.99998						
7	842	-2	-1	4	19.85520	24.94787						
7	842	-1	-1	4	19.95173	24.98262						
7	842	0	-3	4	20.00002	25.00001						
7	842	1	-1	4	20.14480	25.05213						
7	842	1	2	4	20.00721	25.00260						
7	842	3	-4	4	20.00000	25.00000						
7	842	4	-2	4	20.02163	25.00779						
8	36	-5	-1	0	19.88069	24.64206						
8	36	-4	2	0	19.99538	24.98614						
8	36	-2	-5	0	20.00000	25.00000						
8	36	-2	0	0	19.89189	24.67568						
8	36	-1	0	0	19.96396	24.89189						
8	36	0	-4	0	20.00000	25.00000						
8	36	1	-3	0	20.00001	25.00004						
8	36	2	-2	0	20.00330	25.00990						
8	36	2	3	0	20.00002	25.00007						
8	36	4	0	0	20.32432	25.97297						
8	36	-5	-1	4	19.40344	24.78524						
8	36	-3	-1	4	19.66858	24.88069						
8	36	-3	2	4	19.98350	24.99406						
8	36	-2	-1	4	19.80115	24.92841						
8	36	-1	0	4	19.81982	24.93514						
8	36	0	-4	4	20.00000	25.00000						
8	36	1	-5	4	20.00000	25.00000						
8	36	1	4	4	20.00000	25.00000						
8	36	2	3	4	20.00011	25.00004						
8	36	4	-2	4	20.02970	25.01069						
8	383	-4	-1	0	19.92057	24.76170						
8	383	-4	2	0	19.99605	24.98814						
8	383	-3	3	0	19.99998	24.99994						
8	383	-2	2	0	19.99831	24.99492						
8	383	-1	1	0	19.98865	24.96596						
8	383	0	-5	0	20.00000	25.00000						
8	383	1	0	0	20.09254	25.27761						
8	383	2	-4	0	20.00000	25.00000						
8	383	3	-4	0	20.00000	25.00000						
8	383	3	1	0	20.07943	25.23830						
8	383	-5	0	4	18.61194	24.50030						
8	383	-3	-3	4	19.99990	24.99997						
8	383	-2	-3	4	19.99994	24.99998						
8	383	-2	3	4	19.99994	24.99998						
8	383	-1	-1	4	19.94326	24.97957						
8	383	0	-4	4	20.00000	25.00000						
8	383	0	4	4	20.00000	25.00000						
8	383	1	2	4	20.00847	25.00305						
8	383	2	1	4	20.28369	25.10213						
8	383	4	0	4	21.38806	25.49970						
8	401	-5	-2	0	19.99495	24.98486						
8	401	-4	1	0	19.92114	24.76343						
8	401	-2	-5	0	20.00000	25.00000						
8	401	-2	-1	0	19.96620	24.89861						
8	401	-1	-3	0	20.00000	24.99999						
8	401	0	-3	0	20.00000	25.00001						
8	401	0	4	0	20.00000	25.00000						
8	401	1	2	0	20.00168	25.00505						
8	401	2	0	0	20.15311	25.45934						
8	401	3	3	0	20.00003	25.00008						
8	401	-5	-2	4	19.97476	24.99091						
8	401	-3	-3	4	19.99991	24.99997						
8	401	-2	-5	4	20.00000	25.00000						
8	401	-2	1	4	19.83102	24.93917						
8	401	-1	-3	4	19.99998	24.99999						
8	401	0	-2	4	20.00280	25.00101						
8	401	1	-5	4	20.00000	25.00000						
8	401	1	1	4	20.16898	25.06083						
8	401	2	2	4	20.01402	25.00505						
8	401	4	-2	4	20.02524	25.00909						
8	528	-5	-1	0	19.90346	24.71039						
8	528	-4	1	0	19.92492	24.77475						
8	528	-2	-2	0	19.99840	24.99519						
8	528	-1	-4	0	20.00000	25.00000						
8	528	-1	0	0	19.97084	24.91253						
8	528	0	-1	0	20.01073	25.03218						
8	528	1	-1	0	20.03218	25.09654						
8	528	1	4	0	20.00000	25.00000						
8	528	3	-2	0	20.00374	25.01121						
8	528	3	3	0	20.00003	25.00008						
8	528	-4	-2	4	19.98131	24.99327						
8	528	-4	1	4	19.62458	24.86485						
8	528	-3	3	4	19.99991	24.99997						
8	528	-2	0	4	19.56265	24.84255						
8	528	-1	-2	4	19.99733	24.99904						
8	528	0	-5	4	20.00000	25.00000						
8	528	1	-4	4	20.00000	25.00000						
8	528	1	3	4	20.00005	25.00002						
8	528	3	-3	4	20.00013	25.00005						
8	528	3	3	4	20.00013	25.00005						
8	606	-4	-3	0	19.99998	24.99993						
8	606	-3	-3	0	19.99998	24.99995						
8	606	-2	-4	0	20.00000	25.00000						
8	606	-1	-4	0	20.00000	25.00000						
8	606	-1	-1	0	19.98957	24.96872						
8	606	0	-3	0	20.00000	25.00001						
8	606	1	-2	0	20.00156	25.00467						
8	606	2	-3	0	20.00002	25.00005						
8	606	3	-2	0	20.00363	25.01090						
8	606	3	2	0	20.00363	25.01090						
8	606	-4	-1	4	19.63504	24.86861						
8	606	-3	-4	4	20.00000	25.00000						
8	606	-2	-3	4	19.99995	24.99998						
8	606	-2	2	4	19.99221	24.99720						
8	606	-1	1	4	19.94786	24.98123						
8	606	0	2	4	20.00260	25.00093						
8	606	0	4	4	20.00000	25.00000						
8	606	2	-1	4	20.26069	25.09385						
8	606	3	-4	4	20.00000	25.00000						
8	606	3	3	4	20.00012	25.00004						
8	688	-5	1	0	19.90876	24.72629						
8	688	-4	3	0	19.99998	24.99993						
8	688	-2	-5	0	20.00000	25.00000						
8	688	-2	1	0	19.96959	24.90876						
8	688	-1	-2	0	19.99950	24.99849						
8	688	0	-3	0	20.00000	25.00001						
8	688	1	-1	0	20.03041	25.09124						
8	688	1	3	0	20.00001	25.00003						
8	688	2	0	0	20.13778	25.41335						
8	688	3	3	0	20.00002	25.00007						
8	688	-5	1	4	19.54381	24.83577						
8	688	-4	3	4	19.99988	24.99996						
8	688	-3	2	4	19.98738	24.99546						
8	688	-2	4	4	20.00000	25.00000						
8	688	-1	-1	4	19.94931	24.98175						
8	688	0	1	4	20.05069	25.01825						
8	688	1	-3	4	20.00005	25.00002						
8	688	2	-4	4	20.00000	25.00000						
8	688	2	2	4	20.01262	25.00454						
8	688	4	-1	4	20.45619	25.16423						
8	868	-5	1	0	19.91379	24.74138						
8	868	-4	2	0	19.99666	24.98999						
8	868	-2	-5	0	20.00000	25.00000						
8	868	-1	-5	0	20.00000	25.00000						
8	868	-1	0	0	19.97396	24.92189						
8	868	0	-2	0	20.00048	25.00143						
8	868	0	4	0	20.00000	25.00000						
8	868	2	-1	0	20.04789	25.14368						
8	868	2	3	0	20.00002	25.00005						
8	868	4	0	0	20.23433	25.70300						
8	868	-5	-1	4	19.56897	24.84483						
8	868	-4	3	4	19.99989	24.99996						
8	868	-3	0	4	19.34907	24.76567						
8	868	-2	2	4	19.99285	24.99742						
8	868	-1	-2	4	19.99762	24.99914						
8	868	0	-4	4	20.00000	25.00000						
8	868	1	-2	4	20.00715	25.00258						
8	868	1	4	4	20.00000	25.00000						
8	868	2	3	4	20.00008	25.00003						
8	868	3	2	4	20.01669	25.00601						
8	905	-4	-3	0	19.99998	24.99993						
8	905	-3	-4	0	20.00000	25.00000						
8	905	-3	0	0	19.87121	24.61364						
8	905	-2	2	0	19.99858	24.99575						
8	905	-1	3	0	20.00000	24.99999						
8	905	0	-5	0	20.00000	25.00000						
8	905	1	0	0	20.07727	25.23182						
8	905	1	2	0	20.00142	25.00425						
8	905	2	2	0	20.00236	25.00708						
8	905	4	-2	0	20.00425	25.01274						
8	905	-4	-1	4	19.66835	24.88061						
8	905	-3	-1	4	19.76311	24.91472						
8	905	-3	1	4	19.76311	24.91472						
8	905	-2	1	4	19.85787	24.94883						
8	905	-1	-1	4	19.95262	24.98294						
8	905	0	1	4	20.04738	25.01706						
8	905	0	4	4	20.00000	25.00000						
8	905	1	4	4	20.00000	25.00000						
8	905	3	-2	4	20.01651	25.00594						
8	905	3	2	4	20.01651	25.00594						
8	920	-5	-1	0	19.91509	24.74526						
8	920	-3	-2	0	19.99765	24.99295						
8	920	-2	-5	0	20.00000	25.00000						
8	920	-2	4	0	20.00000	25.00000						
8	920	-1	2	0	19.99953	24.99859						
8	920	0	0	0	20.02565	25.07694						
8	920	1	-2	0	20.00141	25.00423						
8	920	1	4	0	20.00000	25.00000						
8	920	2	2	0	20.00235	25.00705						
8	920	3	3	0	20.00002	25.00007						
8	920	-5	-1	4	19.57543	24.84715						
8	920	-4	2	4	19.98356	24.99408						
8	920	-3	2	4	19.98826	24.99577						
8	920	-2	3	4	19.99995	24.99998						
8	920	-1	2	4	19.99765	24.99915						
8	920	0	0	4	20.12823	25.04616						
8	920	1	-3	4	20.00005	25.00002						
8	920	1	1	4	20.14152	25.05095						
8	920	2	2	4	20.01174	25.00423						
8	920	3	1	4	20.33022	25.11888						
8	935	-4	-2	0	19.99673	24.99018						
8	935	-3	-4	0	20.00000	25.00000						
8	935	-2	-5	0	20.00000	25.00000						
8	935	-1	-4	0	20.00000	25.00000						
8	935	-1	1	0	19.99061	24.97182						
8	935	0	-1	0	20.00939	25.02818						
8	935	1	-1	0	20.02818	25.08455						
8	935	1	2	0	20.00140	25.00421						
8	935	3	-4	0	20.00000	25.00000						
8	935	4	-1	0	20.08455	25.25366						
8	935	-4	-4	4	20.00000	25.00000						
8	935	-4	2	4	19.98363	24.99411						
8	935	-2	-4	4	20.00000	25.00000						
8	935	-2	0	4	19.61693	24.86210						
8	935	-1	-2	4	19.99766	24.99916						
8	935	0	0	4	20.12769	25.04597						
8	935	1	-4	4	20.00000	25.00000						
8	935	2	-3	4	20.00008	25.00003						
8	935	2	3	4	20.00008	25.00003						
8	935	4	-2	4	20.02105	25.00758						
9	61	-5	-2	0	19.99413	24.98240						
9	61	-3	-4	0	20.00000	25.00000						
9	61	-2	-4	0	20.00000	25.00000						
9	61	-2	3	0	19.99999	24.99996						
9	61	-1	4	0	20.00000	25.00000						
9	61	0	1	0	20.01310	25.03929						
9	61	1	-5	0	20.00000	25.00000						
9	61	2	-3	0	20.00002	25.00007						
9	61	2	2	0	20.00326	25.00978						
9	61	3	1	0	20.09167	25.27502						
9	61	-5	-2	4	19.97066	24.98944						
9	61	-4	2	4	19.97718	24.99178						
9	61	-2	-5	4	20.00000	25.00000						
9	61	-1	-5	4	20.00000	25.00000						
9	61	-1	-1	4	19.93452	24.97643						
9	61	0	-5	4	20.00000	25.00000						
9	61	0	4	4	20.00000	25.00000						
9	61	2	-3	4	20.00011	25.00004						
9	61	3	-4	4	20.00000	25.00000						
9	61	3	1	4	20.45837	25.16501						
9	264	-5	-1	0	19.89264	24.67791						
9	264	-3	-2	0	19.99703	24.99109						
9	264	-3	1	0	19.94035	24.82106						
9	264	-2	1	0	19.96421	24.89264						
9	264	-1	0	0	19.96757	24.90272						
9	264	0	-3	0	20.00000	25.00001						
9	264	1	-1	0	20.03579	25.10736						
9	264	1	1	0	20.03579	25.10736						
9	264	2	0	0	20.16213	25.48640						
9	264	4	1	0	20.10736	25.32209						
9	264	-5	-1	4	19.46319	24.80675						
9	264	-3	-4	4	20.00000	25.00000						
9	264	-2	-4	4	20.00000	25.00000						
9	264	-1	-5	4	20.00000	25.00000						
9	264	-1	0	4	19.83787	24.94163						
9	264	0	-1	4	20.05965	25.02147						
9	264	1	-3	4	20.00006	25.00002						
9	264	2	-1	4	20.29823	25.10736						
9	264	2	0	4	20.81067	25.29184						
9	264	3	0	4	21.13494	25.40858						
9	297	-4	-2	0	19.99590	24.98770						
9	297	-4	3	0	19.99997	24.99992						
9	297	-2	-4	0	20.00000	25.00000						
9	297	-2	3	0	19.99999	24.99996						
9	297	-1	-1	0	19.98824	24.96472						
9	297	0	1	0	20.01176	25.03528						
9	297	1	-1	0	20.03528	25.10585						
9	297	1	3	0	20.00001	25.00004						
9	297	3	-2	0	20.00410	25.01230						
9	297	4	0	0	20.28772	25.86317						
9	297	-5	-1	4	19.47076	24.80947						
9	297	-4	1	4	19.58837	24.85181						
9	297	-2	-4	4	20.00000	25.00000						
9	297	-2	-1	4	19.82359	24.93649						
9	297	-1	1	4	19.94120	24.97883						
9	297	0	-1	4	20.05880	25.02117						
9	297	0	3	4	20.00002	25.00001						
9	297	1	2	4	20.00878	25.00316						
9	297	2	3	4	20.00010	25.00004						
9	297	4	1	4	20.52924	25.19053						
9	351	-5	1	0	19.89653	24.68958						
9	351	-3	-1	0	19.94251	24.82754						
9	351	-3	3	0	19.99998	24.99994						
9	351	-2	4	0	20.00000	25.00000						
9	351	-1	-1	0	19.98850	24.96551						
9	351	0	0	0	20.03125	25.09376						
9	351	1	0	0	20.09376	25.28127						
9	351	2	-2	0	20.00286	25.00859						
9	351	2	2	0	20.00286	25.00859						
9	351	4	0	0	20.28127	25.84382						
9	351	-5	0	4	18.59363	24.49371						
9	351	-4	0	4	18.90616	24.60622						
9	351	-3	2	4	19.98569	24.99485						
9	351	-2	1	4	19.82754	24.93792						
9	351	-1	-1	4	19.94251	24.97931						
9	351	0	-2	4	20.00286	25.00103						
9	351	1	-1	4	20.17246	25.06208						
9	351	1	2	4	20.00859	25.00309						
9	351	2	2	4	20.01431	25.00515						
9	351	3	2	4	20.02003	25.00721						
9	386	-5	1	0	19.89800	24.69399						
9	386	-3	-2	0	19.99718	24.99154						
9	386	-2	-3	0	19.99999	24.99997						
9	386	-2	2	0	19.99831	24.99492						
9	386	-1	0	0	19.96919	24.90758						
9	386	0	-5	0	20.00000	25.00000						
9	386	0	4	0	20.00000	25.00000						
9	386	2	-4	0	20.00000	25.00000						
9	386	3	-3	0	20.00003	25.00008						
9	386	3	3	0	20.00003	25.00008						
9	386	-5	-1	4	19.48998	24.81639						
9	386	-4	0	4	18.92171	24.61182						
9	386	-3	0	4	19.22979	24.72273						
9	386	-1	-4	4	20.00000	25.00000						
9	386	-1	-2	4	19.99718	24.99898						
9	386	0	1	4	20.05667	25.02040						
9	386	1	-1	4	20.17001	25.06120						
9	386	1	1	4	20.17001	25.06120						
9	386	2	3	4	20.00010	25.00003						
9	386	4	0	4	21.38637	25.49909						
9	398	-4	-2	0	19.99607	24.98821						
9	398	-4	1	0	19.92105	24.76314						
9	398	-2	-2	0	19.99832	24.99495						
9	398	-2	-1	0	19.96616	24.89849						
9	398	-1	3	0	20.00000	24.99999						
9	398	0	-2	0	20.00056	25.00168						
9	398	1	-1	0	20.03384	25.10151						
9	398	2	-4	0	20.00000	25.00000						
9	398	2	3	0	20.00002	25.00006						
9	398	3	1	0	20.07895	25.23686						
9	398	-4	-2	4	19.98035	24.99292						
9	398	-4	2	4	19.98035	24.99292						
9	398	-3	1	4	19.71803	24.89849						
9	398	-1	-4	4	20.00000	25.00000						
9	398	-1	-2	4	19.99719	24.99899						
9	398	0	-2	4	20.00281	25.00101						
9	398	0	4	4	20.00000	25.00000						
9	398	1	1	4	20.16918	25.06091						
9	398	3	-2	4	20.01965	25.00708						
9	398	4	0	4	21.37968	25.49668						
9	561	-5	0	0	19.74075	24.22225						
9	561	-3	-4	0	20.00000	25.00000						
9	561	-2	-4	0	20.00000	25.00000						
9	561	-2	1	0	19.96821	24.90463						
9	561	-1	2	0	19.99947	24.99842						
9	561	0	-3	0	20.00000	25.00001						
9	561	1	-2	0	20.00158	25.00475						
9	561	1	2	0	20.00158	25.00475						
9	561	2	2	0	20.00264	25.00791						
9	561	3	1	0	20.07418	25.22254						
9	561	-5	-2	4	19.97626	24.99145						
9	561	-3	-2	4	19.98681	24.99525						
9	561	-3	2	4	19.98681	24.99525						
9	561	-2	1	4	19.84105	24.94278						
9	561	-1	2	4	19.99736	24.99905						
9	561	0	-3	4	20.00002	25.00001						
9	561	1	-3	4	20.00005	25.00002						
9	561	2	-3	4	20.00009	25.00003						
9	561	3	-4	4	20.00000	25.00000						
9	561	4	0	4	21.29625	25.46665						
9	812	-5	-1	0	19.91232	24.73697						
9	812	-3	-4	0	20.00000	25.00000						
9	812	-3	0	0	19.86760	24.60279						
9	812	-2	-1	0	19.97077	24.91232						
9	812	-1	-2	0	19.99951	24.99854						
9	812	0	0	0	20.02648	25.07944						
9	812	1	-5	0	20.00000	25.00000						
9	812	2	-2	0	20.00243	25.00728						
9	812	2	1	0	20.04871	25.14613						
9	812	4	0	0	20.23833	25.71498						
9	812	-4	-2	4	19.98302	24.99389						
9	812	-4	2	4	19.98302	24.99389						
9	812	-3	3	4	19.99992	24.99997						
9	812	-2	1	4	19.85387	24.94739						
9	812	-1	3	4	19.99998	24.99999						
9	812	0	0	4	20.13240	25.04767						
9	812	1	-2	4	20.00728	25.00262						
9	812	2	-3	4	20.00008	25.00003						
9	812	3	-2	4	20.01698	25.00611						
9	812	4	-2	4	20.02183	25.00786						
9	824	-5	1	0	19.91265	24.73794						
9	824	-3	-4	0	20.00000	25.00000						
9	824	-3	1	0	19.95147	24.85441						
9	824	-2	4	0	20.00000	25.00000						
9	824	-1	0	0	19.97362	24.92085						
9	824	0	0	0	20.02638	25.07915						
9	824	1	-2	0	20.00145	25.00435						
9	824	2	-2	0	20.00242	25.00725						
9	824	3	-4	0	20.00000	25.00000						
9	824	3	1	0	20.06794	25.20383						
9	824	-4	-3	4	19.99989	24.99996						
9	824	-4	2	4	19.98309	24.99391						
9	824	-2	-2	4	19.99275	24.99739						
9	824	-1	-5	4	20.00000	25.00000						
9	824	-1	2	4	19.99758	24.99913						
9	824	0	-5	4	20.00000	25.00000						
9	824	1	-1	4	20.14559	25.05241						
9	824	2	-3	4	20.00008	25.00003						
9	824	3	-1	4	20.33971	25.12230						
9	824	3	1	4	20.33971	25.12230						
9	934	-4	-2	0	19.99672	24.99017						
9	934	-3	-2	0	19.99766	24.99298						
9	934	-2	-5	0	20.00000	25.00000						
9	934	-2	1	0	19.97181	24.91542						
9	934	-1	3	0	20.00000	24.99999						
9	934	0	-3	0	20.00000	25.00001						
9	934	1	-3	0	20.00001	25.00003						
9	934	2	-3	0	20.00002	25.00005						
9	934	2	3	0	20.00002	25.00005						
9	934	4	-1	0	20.08458	25.25373						
9	934	-5	1	4	19.57711	24.84776						
9	934	-3	-4	4	20.00000	25.00000						
9	934	-3	0	4	19.36137	24.77009						
9	934	-1	-5	4	20.00000	25.00000						
9	934	-1	3	4	19.99998	24.99999						
9	934	0	0	4	20.12773	25.04598						
9	934	0	3	4	20.00002	25.00001						
9	934	2	-1	4	20.23494	25.08458						
9	934	2	3	4	20.00008	25.00003						
9	934	4	0	4	21.14953	25.41383						
10	360	-5	0	0	19.71977	24.15930						
10	360	-4	3	0	19.99997	24.99992						
10	360	-3	2	0	19.99715	24.99145						
10	360	-2	3	0	19.99999	24.99997						
10	360	-1	1	0	19.98855	24.96564						
10	360	0	1	0	20.01145	25.03436						
10	360	1	-5	0	20.00000	25.00000						
10	360	1	3	0	20.00001	25.00003						
10	360	3	-4	0	20.00000	25.00000						
10	360	4	-1	0	20.10309	25.30927						
10	360	-4	-4	4	20.00000	25.00000						
10	360	-4	1	4	19.59909	24.85567						
10	360	-3	3	4	19.99990	24.99997						
10	360	-1	-5	4	20.00000	25.00000						
10	360	-1	-1	4	19.94273	24.97938						
10	360	0	-1	4	20.05727	25.02062						
10	360	1	-4	4	20.00000	25.00000						
10	360	1	3	4	20.00006	25.00002						
10	360	3	-2	4	20.01996	25.00719						
10	360	3	1	4	20.40091	25.14433						
10	365	-5	-1	0	19.89712	24.69136						
10	365	-4	0	0	19.78249	24.34747						
10	365	-3	1	0	19.94284	24.82853						
10	365	-1	-5	0	20.00000	25.00000						
10	365	-1	2	0	19.99943	24.99829						
10	365	0	1	0	20.01143	25.03429						
10	365	1	-4	0	20.00000	25.00000						
10	365	2	-3	0	20.00002	25.00006						
10	365	3	-3	0	20.00003	25.00008						
10	365	4	1	0	20.10288	25.30864						
10	365	-5	-2	4	19.97439	24.99078						
10	365	-4	1	4	19.59991	24.85597						
10	365	-2	-2	4	19.99146	24.99693						
10	365	-2	2	4	19.99146	24.99693						
10	365	-1	2	4	19.99715	24.99898						
10	365	0	-1	4	20.05716	25.02058						
10	365	1	-5	4	20.00000	25.00000						
10	365	2	-1	4	20.28578	25.10288						
10	365	3	-1	4	20.40009	25.14403						
10	365	3	3	4	20.00013	25.00005						
10	422	-4	-2	0	19.99611	24.98832						
10	422	-4	0	0	19.78743	24.36229						
10	422	-3	2	0	19.99722	24.99166						
10	422	-2	2	0	19.99833	24.99499						
10	422	-1	3	0	20.00000	24.99999						
10	422	0	-4	0	20.00000	25.00000						
10	422	1	-1	0	20.03351	25.10054						
10	422	2	-4	0	20.00000	25.00000						
10	422	2	1	0	20.05586	25.16757						
10	422	4	-2	0	20.00501	25.01502						
10	422	-4	-4	4	20.00000	25.00000						
10	422	-4	1	4	19.60900	24.85924						
10	422	-2	-4	4	20.00000	25.00000						
10	422	-2	0	4	19.54449	24.83602						
10	422	-1	3	4	19.99998	24.99999						
10	422	0	1	4	20.05586	25.02011						
10	422	1	-4	4	20.00000	25.00000						
10	422	2	-2	4	20.01390	25.00501						
10	422	2	1	4	20.27929	25.10054						
10	422	4	1	4	20.50272	25.18098						
10	464	-5	0	0	19.73115	24.19345						
10	464	-4	2	0	19.99617	24.98851						
10	464	-2	-4	0	20.00000	25.00000						
10	464	-2	0	0	19.91038	24.73115						
10	464	-1	1	0	19.98901	24.96703						
10	464	0	-2	0	20.00055	25.00164						
10	464	1	-4	0	20.00000	25.00000						
10	464	2	-4	0	20.00000	25.00000						
10	464	3	-1	0	20.07693	25.23078						
10	464	3	2	0	20.00383	25.01149						
10	464	-4	-4	4	20.00000	25.00000						
10	464	-4	3	4	19.99987	24.99995						
10	464	-2	-5	4	20.00000	25.00000						
10	464	-1	-4	4	20.00000	25.00000						
10	464	-1	3	4	19.99998	24.99999						
10	464	0	-2	4	20.00274	25.00098						
10	464	1	-4	4	20.00000	25.00000						
10	464	1	2	4	20.00821	25.00295						
10	464	2	3	4	20.00009	25.00003						
10	464	4	-2	4	20.02462	25.00886						
10	518	-4	-3	0	19.99997	24.99992						
10	518	-3	-4	0	20.00000	25.00000						
10	518	-3	1	0	19.94617	24.83851						
10	518	-2	1	0	19.96770	24.90310						
10	518	-1	-1	0	19.98923	24.96770						
10	518	0	-3	0	20.00000	25.00001						
10	518	1	-4	0	20.00000	25.00000						
10	518	2	-2	0	20.00268	25.00804						
10	518	3	-1	0	20.07536	25.22609						
10	518	3	1	0	20.07536	25.22609						
10	518	-4	-3	4	19.99987	24.99995						
10	518	-3	-1	4	19.73084	24.90310						
10	518	-2	-2	4	19.99196	24.99711						
10	518	-2	1	4	19.83851	24.94186						
10	518	-1	-1	4	19.94617	24.98062						
10	518	0	-2	4	20.00268	25.00096						
10	518	0	4	4	20.00000	25.00000						
10	518	2	-3	4	20.00009	25.00003						
10	518	3	-1	4	20.37682	25.13565						
10	518	4	0	4	21.31695	25.47410						
10	552	-4	-4	0	20.00000	25.00000						
10	552	-4	1	0	19.92558	24.77673						
10	552	-3	2	0	19.99735	24.99206						
10	552	-2	3	0	19.99999	24.99997						
10	552	-1	-2	0	19.99947	24.99841						
10	552	0	-3	0	20.00000	25.00001						
10	552	1	-3	0	20.00001	25.00003						
10	552	1	4	0	20.00000	25.00000						
10	552	2	1	0	20.05316	25.15948						
10	552	3	3	0	20.00002	25.00007						
10	552	-4	-2	4	19.98147	24.99333						
10	552	-3	-2	4	19.98677	24.99524						
10	552	-3	3	4	19.99991	24.99997						
10	552	-2	3	4	19.99995	24.99998						
10	552	-1	3	4	19.99998	24.99999						
10	552	0	-3	4	20.00002	25.00001						
10	552	1	-2	4	20.00794	25.00286						
10	552	1	3	4	20.00005	25.00002						
10	552	3	-2	4	20.01853	25.00667						
10	552	3	1	4	20.37211	25.13396						
10	636	-4	-4	0	20.00000	25.00000						
10	636	-4	1	0	19.92777	24.78331						
10	636	-3	3	0	19.99998	24.99995						
10	636	-2	1	0	19.96904	24.90713						
10	636	-1	1	0	19.98968	24.96904						
10	636	0	-3	0	20.00000	25.00001						
10	636	1	-2	0	20.00154	25.00462						
10	636	1	4	0	20.00000	25.00000						
10	636	3	-4	0	20.00000	25.00000						
10	636	4	-1	0	20.09287	25.27860						
10	636	-4	-4	4	20.00000	25.00000						
10	636	-3	-2	4	19.98716	24.99538						
10	636	-3	1	4	19.74204	24.90713						
10	636	-2	2	4	19.99229	24.99723						
10	636	-1	1	4	19.94841	24.98143						
10	636	0	0	4	20.14024	25.05049						
10	636	1	-1	4	20.15478	25.05572						
10	636	1	3	4	20.00005	25.00002						
10	636	2	1	4	20.25796	25.09287						
10	636	4	-1	4	20.46434	25.16716						
10	773	-4	-2	0	19.99656	24.98969						
10	773	-4	3	0	19.99998	24.99993						
10	773	-2	-5	0	20.00000	25.00000						
10	773	-1	-5	0	20.00000	25.00000						
10	773	-1	-3	0	20.00000	24.99999						
10	773	0	1	0	20.00986	25.02958						
10	773	1	-4	0	20.00000	25.00000						
10	773	1	4	0	20.00000	25.00000						
10	773	2	3	0	20.00002	25.00005						
10	773	3	3	0	20.00002	25.00007						
10	773	-5	1	4	19.55626	24.84025						
10	773	-4	1	4	19.65487	24.87575						
10	773	-3	2	4	19.98773	24.99558						
10	773	-2	2	4	19.99264	24.99735						
10	773	-1	2	4	19.99755	24.99912						
10	773	0	-3	4	20.00002	25.00001						
10	773	1	-5	4	20.00000	25.00000						
10	773	2	-4	4	20.00000	25.00000						
10	773	2	3	4	20.00008	25.00003						
10	773	3	3	4	20.00012	25.00004						
10	869	-5	0	0	19.76573	24.29720						
10	869	-3	-3	0	19.99998	24.99995						
10	869	-3	2	0	19.99762	24.99285						
10	869	-1	-5	0	20.00000	25.00000						
10	869	-1	3	0	20.00000	24.99999						
10	869	0	-1	0	20.00958	25.02873						
10	869	1	-5	0	20.00000	25.00000						
10	869	2	-3	0	20.00002	25.00005						
10	869	2	3	0	20.00002	25.00005						
10	869	3	2	0	20.00334	25.01001						
10	869	-4	-4	4	20.00000	25.00000						
10	869	-3	-3	4	19.99992	24.99997						
10	869	-3	3	4	19.99992	24.99997						
10	869	-2	2	4	19.99285	24.99743						
10	869	-1	-2	4	19.99762	24.99914						
10	869	0	-4	4	20.00000	25.00000						
10	869	1	-2	4	20.00715	25.00257						
10	869	2	-2	4	20.01192	25.00429						
10	869	2	1	4	20.23939	25.08618						
10	869	4	-1	4	20.43091	25.15513						
10	956	-5	-2	0	19.99581	24.98744						
10	956	-3	-3	0	19.99998	24.99995						
10	956	-3	1	0	19.95330	24.85990						
10	956	-2	2	0	19.99860	24.99581						
10	956	-1	2	0	19.99953	24.99860						
10	956	0	-2	0	20.00047	25.00140						
10	956	1	-4	0	20.00000	25.00000						
10	956	1	3	0	20.00001	25.00003						
10	956	3	-3	0	20.00002	25.00007						
10	956	4	-2	0	20.00419	25.01256						
10	956	-5	-2	4	19.97907	24.99247						
10	956	-3	-3	4	19.99992	24.99997						
10	956	-2	-3	4	19.99995	24.99998						
10	956	-2	-1	4	19.85990	24.94957						
10	956	-1	4	4	20.00000	25.00000						
10	956	0	-4	4	20.00000	25.00000						
10	956	1	-3	4	20.00005	25.00002						
10	956	2	-4	4	20.00000	25.00000						
10	956	3	-1	4	20.32689	25.11768						
10	956	4	1	4	20.42029	25.15130						
